13 April 2012 04:20:56 PM

OWENS_PRB:
  C version
  Test the OWENS library.

TEST01:
  T computes Owen's T function.
  Compare to tabulated values.

             H             A          T                         T  
                                      (Tabulated)               (TFN)               DIFF

        0.0625        0.2500        0.0389119302347014        0.0389119302347014           0
        6.5000        0.4375        0.0000000000200058        0.0000000000100105   9.995e-12
        7.0000        0.9688        0.0000000000006399        0.0000000000003200     3.2e-13
        4.7812        0.0625        0.0000001063297480        0.0000001063297480   2.647e-23
        2.0000        0.5000        0.0086250779855215        0.0086250779855215   1.735e-18
        1.0000        1.0000        0.0667418089782286        0.0667418089782286           0
        1.0000        0.5000        0.0430646911207854        0.0430646911207854           0
        1.0000        1.0000        0.0667418821657010        0.0667418821657010           0
        1.0000        2.0000        0.0784681869930841        0.0784681869930841           0
        1.0000        3.0000        0.0792995047488726        0.0792995047488726   1.388e-17
        0.5000        0.5000        0.0644886028475038        0.0644886028475038   1.388e-17
        0.5000        1.0000        0.1066710629614485        0.1066710629614485   1.388e-17
        0.5000        2.0000        0.1415806036539784        0.1415806036539784           0
        0.5000        3.0000        0.1510840430760184        0.1510840430760184   2.776e-17
        0.2500        0.5000        0.0713466338227178        0.0713466338227178   2.776e-17
        0.2500        1.0000        0.1201285306350883        0.1201285306350883           0
        0.2500        2.0000        0.1666128410939293        0.1666128410939293   2.776e-17
        0.2500        3.0000        0.1847501847929859        0.1847501847929859   2.776e-17
        0.1250        0.5000        0.0731727332750039        0.0731727332750039           0
        0.1250        1.0000        0.1237630544953746        0.1237630544953746   2.776e-17
        0.1250        2.0000        0.1737438887583106        0.1737438887583106           0
        0.1250        3.0000        0.1951190307092811        0.1951190307092811   2.776e-17
        0.0078        0.5000        0.0737893803536555        0.0737893803536555   1.388e-17
        0.0078        1.0000        0.1249951430754052        0.1249951430754052           0
        0.0078        2.0000        0.1761984774738108        0.1761984774738108   2.776e-17
        0.0078        3.0000        0.1987772386442824        0.1987772386442823   5.551e-17
        0.0078       10.0000        0.2340886964802671        0.2340886964802671   2.776e-17
        0.0078      100.0000        0.2479460829231492        0.2479460829231492           0

TEST02:
  BIVNOR computes the bivariate normal probability.
  Compare to tabulated values.

          X               Y               R           P                         P                       DIFF
                                                     (Tabulated)               (BIVNOR)

       -2.0000        1.0000        0.5000        0.0226032721856987        0.0226032721821650   3.534e-12
       -1.0000        1.0000        0.5000        0.1548729518584100        0.1548729518586029   1.929e-13
        0.0000        1.0000        0.5000        0.4687428083352184        0.4687429526451681   1.443e-07
        1.0000        1.0000        0.5000        0.7452035868929476        0.7452035868467498    4.62e-11
        2.0000        1.0000        0.5000        0.8318608306874188        0.8318608311308804   4.435e-10
        3.0000        1.0000        0.5000        0.8410314261134202        0.8410314268855684   7.721e-10
       -0.2000        0.5000       -0.9000        0.1377019384919464        0.1377019384919554   9.021e-15
       -0.2000        0.5000       -0.8000        0.1621749501739030        0.1621749501739237   2.071e-14
       -0.2000        0.5000       -0.7000        0.1827411243233119        0.1827411243238370   5.251e-13
       -0.2000        0.5000       -0.6000        0.2010067421506235        0.2010067421350173   1.561e-11
       -0.2000        0.5000       -0.5000        0.2177751155265290        0.2177751156457083   1.192e-10
       -0.2000        0.5000       -0.4000        0.2335088436446962        0.2335088436667788   2.208e-11
       -0.2000        0.5000       -0.3000        0.2485057781834286        0.2485057781836367   2.081e-13
       -0.2000        0.5000       -0.2000        0.2629747825154868        0.2629747825156674   1.806e-13
       -0.2000        0.5000       -0.1000        0.2770729823404738        0.2770729823406180   1.442e-13
       -0.2000        0.5000        0.0000        0.2909261168683812        0.2909261168683812           0
       -0.2000        0.5000        0.1000        0.3046406378726738        0.3046406378728856   2.118e-13
       -0.2000        0.5000        0.2000        0.3183113449213638        0.3183113553286480   1.041e-08
       -0.2000        0.5000        0.3000        0.3320262544108028        0.3320262544201822   9.379e-12
       -0.2000        0.5000        0.4000        0.3458686754647614        0.3458686754635103   1.251e-12
       -0.2000        0.5000        0.5000        0.3599150462310668        0.3599150462316804   6.136e-13
       -0.2000        0.5000        0.6000        0.3742210899871168        0.3742210899873292   2.124e-13
       -0.2000        0.5000        0.7000        0.3887706405282320        0.3887706405285500    3.18e-13
       -0.2000        0.5000        0.8000        0.4032765198361344        0.4032765198363306   1.962e-13
       -0.2000        0.5000        0.9000        0.4162100291953678        0.4162100291976345   2.267e-12
        1.0000        0.5000        0.6730        0.6508271498838664        0.6508271498843442   4.778e-13
        2.0000        1.0000        0.5000        0.8318608306874188        0.8318608311308804   4.435e-10
        0.0000        0.0000       -1.0000        0.0000000000000000        0.0000000000000000           0
        0.0000        0.0000       -0.5000        0.1666666666539970        0.1666666666666667   1.267e-11
        0.0000        0.0000        0.0000        0.2500000000000000        0.2500000000000000           0
        0.0000        0.0000        0.5000        0.3333333333328906        0.3333333333333333   4.427e-13
        0.0000        0.0000        1.0000        0.5000000000000000        0.5000000000000000           0
        1.0000        1.0000        0.5000        0.7452035868929476        0.7452035868467498    4.62e-11
        1.0000       -1.0000        0.5000        0.1548729518584100        0.1548729518586028   1.928e-13
       -1.0000        1.0000        0.5000        0.1548729518584100        0.1548729518586029   1.929e-13
       -1.0000       -1.0000        0.5000        0.0625140947043165        0.0625140947096639   5.347e-12
        1.0000        1.0000        0.5000        0.7452035868929476        0.7452035868467498    4.62e-11
        1.0000       -1.0000        0.5000        0.1548729518584100        0.1548729518586028   1.928e-13
       -1.0000        1.0000        0.5000        0.1548729518584100        0.1548729518586029   1.929e-13
       -1.0000       -1.0000        0.5000        0.0625140947043165        0.0625140947096639   5.347e-12
        0.7071        0.7071        0.5000        0.6337020457912916        0.6337020457780796   1.321e-11

TEST03:
  ZNORM1 computes the normal CDF starting at 0.
  Compare to tabulated values.

          X           P                         P                       DIFF
                     (Tabulated)               (ZNORM1)

        0.0000        0.0000000000000000        0.0000000000000000           0
        0.1000        0.0398278372770290        0.0398278372770290   1.388e-17
        0.2000        0.0792597094391030        0.0792597094391030   4.163e-17
        0.3000        0.1179114221889526        0.1179114221889526   4.163e-17
        0.4000        0.1554217416103242        0.1554217416103242   2.776e-17
        0.5000        0.1914624612740131        0.1914624612740131   5.551e-17
        0.6000        0.2257468822499270        0.2257468822499264   6.384e-16
        0.7000        0.2580363477769270        0.2580363477769270           0
        0.8000        0.2881446014166033        0.2881446014166034    1.11e-16
        0.9000        0.3159398746532405        0.3159398746532405           0
        1.0000        0.3413447460685429        0.3413447460685429           0
        1.5000        0.4331927987311419        0.4331927987311419           0
        2.0000        0.4772498680518208        0.4772498680518208           0
        2.5000        0.4937903346742240        0.4937903346742238    1.11e-16
        3.0000        0.4986501019683699        0.4986501019683699           0
        3.5000        0.4997673709209645        0.4997673709209645           0
        4.0000        0.4999683287581669        0.4999683287581669           0

TEST04:
  ZNORM2 computes the complementary normal CDF.
  Compare to tabulated values.

          X           P                         P                       DIFF
                     (Tabulated)               (ZNORM2)

        0.0000        0.5000000000000000        0.5000000000000000           0
        0.1000        0.4601721627229710        0.4601721627229710           0
        0.2000        0.4207402905608970        0.4207402905608970   5.551e-17
        0.3000        0.3820885778110474        0.3820885778110474   5.551e-17
        0.4000        0.3445782583896758        0.3445782583896758           0
        0.5000        0.3085375387259869        0.3085375387259869   5.551e-17
        0.6000        0.2742531177500730        0.2742531177500737   6.661e-16
        0.7000        0.2419636522230730        0.2419636522230731   2.776e-17
        0.8000        0.2118553985833967        0.2118553985833967   8.327e-17
        0.9000        0.1840601253467595        0.1840601253467595   2.776e-17
        1.0000        0.1586552539314571        0.1586552539314570   2.776e-17
        1.5000        0.0668072012688581        0.0668072012688581           0
        2.0000        0.0227501319481792        0.0227501319481792   6.939e-18
        2.5000        0.0062096653257760        0.0062096653257761   8.934e-17
        3.0000        0.0013498980316301        0.0013498980316301   7.806e-18
        3.5000        0.0002326290790355        0.0002326290790355   1.507e-17
        4.0000        0.0000316712418331        0.0000316712418331   2.033e-20

OWENS_PRB:
  Normal end of execution.

13 April 2012 04:20:56 PM
