49.954484 
69.674121 
78.924067 
83.967215 
87.057440 
89.119723 
90.583274 
91.669499 
92.502948 
93.158719 
93.684664 
94.112662 
94.464725 
94.756504 
94.999396 
95.201860 
95.370267 
95.509466 
95.623167 
95.714205 
95.784730 
95.836332 
95.870137 
95.886862 
95.886866 
95.870133 
95.836322 
95.784713 
95.714182 
95.623138 
95.509431 
95.370227 
95.201815 
94.999347 
94.756452 
94.464670 
94.112606 
93.684607 
93.158662 
92.502893 
91.669446 
90.583224 
89.119676 
87.057399 
83.967181 
78.924039 
69.674102 
49.954473 
30.143811 
49.817932 
62.054926 
69.887350 
75.142815 
78.838170 
81.543867 
83.591765 
85.183565 
86.447252 
87.467265 
88.301248 
88.989721 
89.561881 
90.039205 
90.437761 
90.769727 
91.044416 
91.268980 
91.448908 
91.588366 
91.690446 
91.757336 
91.790436 
91.790443 
91.757329 
91.690426 
91.588332 
91.448862 
91.268922 
91.044346 
90.769647 
90.437672 
90.039108 
89.561777 
88.989612 
88.301136 
87.467151 
86.447139 
85.183455 
83.591659 
81.543767 
78.838077 
75.142734 
69.887281 
62.054871 
49.817894 
30.143791 
20.802827 
37.398866 
49.590347 
58.384437 
64.788292 
69.546262 
73.162248 
75.970115 
78.192281 
79.979442 
81.435877 
82.635324 
83.631009 
84.462071 
85.157760 
85.740231 
86.226441 
86.629464 
86.959406 
87.224056 
87.429355 
87.579724 
87.678299 
87.727091 
87.727102 
87.678289 
87.579693 
87.429304 
87.223986 
86.959318 
86.629360 
86.226321 
85.740097 
85.157615 
84.461917 
83.630847 
82.635157 
81.435708 
79.979273 
78.192115 
75.969956 
73.162098 
69.546124 
64.788171 
58.384334 
49.590265 
37.398809 
20.802797 
15.668628 
29.384352 
40.523151 
49.271748 
56.079643 
61.396321 
65.588729 
68.934147 
71.635979 
73.842336 
75.661452 
77.173136 
78.436893 
79.497607 
80.389503 
81.138928 
81.766309 
82.287561 
82.715088 
83.058520 
83.325238 
83.520760 
83.649011 
83.712514 
83.712528 
83.648998 
83.520719 
83.325171 
83.058428 
82.714972 
82.287422 
81.766151 
81.138751 
80.389311 
79.497402 
78.436678 
77.172915 
75.661228 
73.842112 
71.635760 
68.933936 
65.588531 
61.396140 
56.079481 
49.271610 
40.523043 
29.384275 
15.668588 
12.487326 
23.946754 
33.846148 
42.099745 
48.862193 
54.370633 
58.862180 
62.541739 
65.575126 
68.092440 
70.194429 
71.958842 
73.445784 
74.701923 
75.763680 
76.659629 
77.412267 
78.039340 
78.554823 
78.969655 
79.292274 
79.529022 
79.684428 
79.761408 
79.761426 
79.684411 
79.528972 
79.292191 
78.969541 
78.554679 
78.039168 
77.412071 
76.659410 
75.763442 
74.701669 
73.445518 
71.958568 
70.194151 
68.092164 
65.574855 
62.541479 
58.861934 
54.370408 
48.861993 
42.099575 
33.846013 
23.946659 
12.487277 
10.333917 
20.069180 
28.814929 
36.418876 
42.898731 
48.361816 
52.947590 
56.795475 
60.030315 
62.757835 
65.064944 
67.021979 
68.685438 
70.100575 
71.303621 
72.323594 
73.183741 
73.902658 
74.495159 
74.972950 
75.345129 
75.618573 
75.798217 
75.887246 
75.887267 
75.798197 
75.618514 
75.345031 
74.972814 
74.494989 
73.902454 
73.183508 
72.323334 
71.303338 
70.100273 
68.685122 
67.021653 
65.064614 
62.757506 
60.029993 
56.795166 
52.947298 
48.361548 
42.898493 
36.418674 
28.814769 
20.069068 
10.333858 
8.779156 
17.181109 
24.925496 
31.862079 
37.952016 
43.230281 
47.770860 
51.662223 
54.992787 
57.843600 
60.285490 
62.378645 
64.173364 
65.711268 
67.026580 
68.147330 
69.096389 
69.892332 
70.550147 
71.081797 
71.496657 
71.801863 
72.002558 
72.102074 
72.102098 
72.002535 
71.801795 
71.496544 
71.081640 
70.549950 
69.892097 
69.096119 
68.147030 
67.026253 
65.710919 
64.173000 
62.378270 
60.285110 
57.843220 
54.992415 
51.661866 
47.770523 
43.229972 
37.951742 
31.861846 
24.925312 
17.180979 
8.779088 
7.601590 
14.950590 
21.843852 
28.151905 
33.816948 
38.836402 
43.243311 
47.089732 
50.434966 
53.338241 
55.854722 
58.033694 
59.918052 
61.544493 
62.944040 
64.142696 
65.162088 
66.020068 
66.731234 
67.307363 
67.757772 
68.089596 
68.308007 
68.416371 
68.416398 
68.307982 
68.089518 
67.757644 
67.307187 
66.731011 
66.019803 
65.161783 
64.142357 
62.943672 
61.544100 
59.917641 
58.033270 
55.854293 
53.337813 
50.434547 
47.089329 
43.242931 
38.836053 
33.816639 
28.151642 
21.843643 
14.950444 
7.601513 
6.676604 
13.175797 
19.347395 
25.084718 
30.327441 
35.055033 
39.276210 
43.018386 
46.319057 
49.219626 
51.761407 
53.983299 
55.920597 
57.604547 
59.062326 
60.317255 
61.389126 
62.294545 
63.047282 
63.658575 
64.137394 
64.490663 
64.723426 
64.838980 
64.839010 
64.723398 
64.490577 
64.137252 
63.658379 
63.047035 
62.294251 
61.388788 
60.316879 
59.061917 
57.604111 
55.920140 
53.982829 
51.760931 
49.219151 
46.318592 
43.017939 
39.275788 
35.054646 
30.327097 
25.084426 
19.347164 
13.175635 
6.676519 
5.929019 
11.728582 
17.285193 
22.512103 
27.353033 
31.780040 
35.788068 
39.388498 
42.603199 
45.459741 
47.987922 
50.217433 
52.176421 
53.890701 
55.383386 
56.674798 
57.782536 
58.721623 
59.504692 
60.142176 
60.642482 
61.012149 
61.255970 
61.377086 
61.377120 
61.255939 
61.012055 
60.642327 
60.141961 
59.504422 
58.721301 
57.782167 
56.674387 
55.382938 
53.890224 
52.175922 
50.216918 
47.987401 
45.459222 
42.602690 
39.388008 
35.787607 
31.779617 
27.352657 
22.511784 
17.284940 
11.728405 
5.928925 
5.310878 
10.524304 
15.552670 
20.325440 
24.792513 
28.923987 
32.707477 
36.144289 
39.245442 
42.028157 
44.513043 
46.722019 
48.676881 
50.398373 
51.905638 
53.215932 
54.344512 
55.304632 
56.107598 
56.762863 
57.278117 
57.659390 
57.911125 
58.036249 
58.036285 
57.911092 
57.659288 
57.277949 
56.762631 
56.107306 
55.304283 
54.344113 
53.215487 
51.905153 
50.397856 
48.676340 
46.721462 
44.512479 
42.027595 
39.244891 
36.143759 
32.706978 
28.923528 
24.792106 
20.325094 
15.552396 
10.524111 
5.310777 
4.790177 
9.505066 
14.075717 
18.444442 
22.567554 
26.415872 
29.973516 
33.235683 
36.206064 
38.894337 
41.314002 
43.480644 
45.410631 
47.120188 
48.624774 
49.938691 
51.074858 
52.044699 
52.858110 
53.523462 
54.047636 
54.436069 
54.692792 
54.820472 
54.820510 
54.692756 
54.435960 
54.047456 
53.523213 
52.857797 
52.044326 
51.074429 
49.938214 
48.624255 
47.119635 
45.410052 
43.480048 
41.313398 
38.893734 
36.205473 
33.235115 
29.972981 
26.415381 
22.567118 
18.444072 
14.075424 
9.504860 
4.790069 
4.344752 
8.630049 
12.800664 
16.809023 
20.617347 
24.198387 
27.534979 
30.618805 
33.448728 
36.029054 
38.367909 
40.475845 
42.364790 
44.046952 
45.534556 
46.839175 
47.971503 
48.941173 
49.756657 
50.425213 
50.952871 
51.344431 
51.603476 
51.732386 
51.732346 
51.603358 
51.344235 
50.952600 
50.424871 
49.756247 
48.940701 
47.970975 
46.838598 
45.533937 
44.046300 
42.364113 
40.475266 
38.367318 
36.028461 
33.448143 
30.618239 
27.534445 
24.197894 
20.616908 
16.808650 
12.800367 
8.629839 
4.344642 
3.958767 
7.869692 
11.687838 
15.373606 
18.894384 
22.225298 
25.349154 
28.255767 
30.940920 
33.405171 
35.652656 
37.690014 
39.525527 
41.168119 
42.627161 
43.911783 
45.030633 
45.991655 
46.801949 
47.467679 
47.994018 
48.385121 
48.644108 
48.773061 
48.773019 
48.643983 
48.384915 
47.993732 
47.467317 
46.801517 
45.991157 
45.030076 
43.911174 
42.626508 
41.167431 
39.524813 
37.689403 
35.652032 
33.404545 
30.940303 
28.255171 
25.348590 
22.224779 
18.893921 
15.373211 
11.687524 
7.869471 
3.958652 
3.620613 
7.202092 
10.707359 
14.103141 
17.361240 
20.459217 
23.380514 
26.114123 
28.653944 
30.997974 
33.147447 
35.106004 
36.879028 
38.472740 
39.894082 
41.150058 
42.247482 
43.192753 
43.991691 
44.649419 
45.170284 
45.557809 
45.814657 
45.942612 
45.942568 
45.814526 
45.557593 
45.169985 
44.649040 
43.991238 
43.192232 
42.246898 
41.149420 
39.893398 
38.472019 
36.878280 
35.105364 
33.146793 
30.997319 
28.653298 
26.113498 
23.379923 
20.458672 
17.360755 
14.102728 
10.707031 
7.201861 
3.620491 
3.321576 
6.610683 
9.836336 
12.970320 
15.988171 
18.869761 
21.599500 
24.166200 
26.562685 
28.785255 
30.833065 
32.707504 
34.411681 
35.949627 
37.326264 
38.546774 
39.616369 
40.540068 
41.322525 
41.967900 
42.479769 
42.861052 
43.113976 
43.240038 
43.239992 
43.113839 
42.860827 
42.479457 
41.967506 
41.322053 
40.539525 
39.615761 
38.546110 
37.325552 
35.948876 
34.410902 
32.706838 
30.832385 
28.784573 
26.562012 
24.165549 
21.598885 
18.869194 
15.987666 
12.969890 
9.835994 
6.610443 
3.321449 
3.054992 
6.082705 
9.056950 
11.953593 
14.751315 
17.432100 
19.981463 
22.388420 
24.645264 
26.747213 
28.691965 
30.479240 
32.110396 
33.587715 
34.914464 
36.094291 
37.131034 
38.028504 
38.790317 
39.419764 
39.919711 
40.292527 
40.540028 
40.663445 
40.663398 
40.539887 
40.292294 
39.919389 
39.419356 
38.789829 
38.027942 
37.130405 
36.093603 
34.913726 
33.586938 
32.109590 
30.478551 
28.691261 
26.746506 
24.644568 
22.387746 
19.980826 
17.431513 
14.750792 
11.953148 
9.056596 
6.082456 
3.054861 
2.815674 
5.608170 
8.355131 
11.035747 
13.631345 
16.125804 
18.505768 
20.760679 
22.882660 
24.866280 
26.708249 
28.407072 
29.962773 
31.376264 
32.649470 
33.784774 
34.784851 
35.652472 
36.390347 
37.000998 
37.486655 
37.849185 
38.090033 
38.210184 
38.210135 
38.089888 
37.848945 
37.486323 
37.000578 
36.389844 
35.651893 
34.784203 
33.784066 
32.648710 
31.375463 
29.961943 
28.406361 
26.707524 
24.865552 
22.881942 
20.759985 
18.505111 
16.125200 
13.630806 
11.035288 
8.354767 
5.607913 
2.815539 
2.599516 
5.179145 
7.719625 
10.202875 
12.612463 
14.933944 
17.155058 
19.265793 
21.258334 
23.126910 
24.867585 
26.477999 
27.957184 
29.304984 
30.522262 
31.610364 
32.570998 
33.406058 
34.117472 
34.707093 
35.176592 
35.527390 
35.760601 
35.876988 
35.876938 
35.760452 
35.527144 
35.176251 
34.706662 
34.116957 
33.405464 
32.570334 
31.609638 
30.521483 
29.304164 
27.956332 
26.477270 
24.866841 
23.126164 
21.257598 
19.265082 
17.154385 
14.933325 
12.611911 
10.202405 
7.719251 
5.178882 
2.599378 
2.403229 
4.789244 
7.141314 
9.443622 
11.681637 
13.842391 
15.914657 
17.889026 
19.757889 
21.515352 
23.157083 
24.680129 
26.082795 
27.364113 
28.524108 
29.563297 
30.482594 
31.283157 
31.966258 
32.533173 
32.985092 
33.323046 
33.547856 
33.660090 
33.660039 
33.547704 
33.322794 
32.984744 
32.532734 
31.965732 
31.282551 
30.481916 
29.562556 
28.523314 
27.363276 
26.081926 
24.679386 
23.156324 
21.514590 
19.757138 
17.888300 
15.913971 
13.841759 
11.681074 
9.443142 
7.140932 
4.788976 
2.403088 
2.224139 
4.433262 
6.612729 
8.748618 
10.828019 
12.839265 
14.772085 
16.617685 
18.368760 
20.019433 
21.565165 
23.002615 
24.329567 
25.544450 
26.646639 
27.635996 
28.512793 
29.277585 
29.931095 
30.474113 
30.907417 
31.231705 
31.447546 
31.555337 
31.555285 
31.447391 
31.231450 
30.907064 
30.473667 
29.930561 
29.276970 
28.512104 
27.635243 
26.645832 
25.543599 
24.328685 
23.001861 
21.564395 
20.018660 
18.367997 
16.616948 
14.771388 
12.838623 
10.827447 
8.748131 
6.612342 
4.432989 
2.223996 
2.060050 
4.106909 
6.127686 
8.110057 
10.042503 
11.914502 
13.716660 
15.440793 
17.079945 
18.628363 
20.081431 
21.435573 
22.688220 
23.837360 
24.881879 
25.821127 
26.654865 
27.383162 
28.006286 
28.524627 
28.938617 
29.248671 
29.455143 
29.558286 
29.558233 
29.454986 
29.248413 
28.938260 
28.524176 
28.005746 
27.382539 
26.654169 
25.820366 
24.881063 
23.836500 
22.687328 
21.434810 
20.080651 
18.627581 
17.079174 
15.440048 
13.715955 
11.913852 
10.041924 
8.109564 
6.127294 
4.106633 
2.059905 
1.909135 
3.806612 
5.681013 
7.521375 
9.317381 
11.059516 
12.739190 
14.348803 
15.881778 
17.332548 
18.696520 
19.970000 
21.150191 
22.234771 
23.222268 
24.111638 
24.902248 
25.593774 
26.186123 
26.679353 
27.073611 
27.369077 
27.565925 
27.664286 
27.664234 
27.565767 
27.368817 
27.073251 
26.678898 
26.185579 
25.593147 
24.901546 
24.110872 
23.221446 
22.233905 
21.149293 
19.969231 
18.695735 
17.331760 
15.881001 
14.348053 
12.738480 
11.058862 
9.316798 
7.520879 
5.680619 
3.806334 
1.908989 
1.769861 
3.529363 
5.268344 
6.977005 
8.646073 
10.266929 
11.831710 
13.333372 
14.765726 
16.123438 
17.402000 
18.597690 
19.707581 
20.729146 
21.660657 
22.500782 
23.248580 
23.903427 
24.464939 
24.932910 
25.307253 
25.587959 
25.775049 
25.868558 
25.868505 
25.774891 
25.587698 
25.306893 
24.932454 
24.464393 
23.902798 
23.247877 
22.500013 
21.659833 
20.728278 
19.706680 
18.596919 
17.401213 
16.122648 
14.764948 
13.332619 
11.830998 
10.266274 
8.645489 
6.976507 
5.267948 
3.529085 
1.769714 
1.640935 
3.272624 
4.885979 
6.472211 
8.022959 
9.530398 
10.987326 
12.387225 
13.724292 
14.993448 
16.190325 
17.311230 
18.353104 
19.313456 
20.190309 
20.982122 
21.687731 
22.306279 
22.837158 
23.279952 
23.634392 
23.900311 
24.077612 
24.166247 
24.166302 
24.077561 
23.900156 
23.634136 
23.279599 
22.836712 
22.305748 
21.687122 
20.981444 
20.189571 
19.312670 
18.352281 
17.310383 
16.189466 
14.992592 
13.723453 
12.386418 
10.986566 
9.529700 
8.022340 
6.471685 
4.885562 
3.272331 
1.640782 
1.521232 
3.034176 
4.530679 
6.002828 
7.443064 
8.844271 
10.199850 
11.503775 
12.750620 
13.935577 
15.054446 
16.103617 
17.080033 
17.981148 
18.804875 
19.549538 
20.213810 
20.796664 
21.297322 
21.715210 
22.049911 
22.301138 
22.468699 
22.552480 
22.552535 
22.468649 
22.300983 
22.049656 
21.714858 
21.296879 
20.796136 
20.213204 
19.548864 
18.804142 
17.980366 
17.079215 
16.102774 
15.053592 
13.934725 
12.749785 
11.502972 
10.199094 
8.843577 
7.442448 
6.002305 
4.530264 
3.033885 
1.521079 
1.409799 
2.812145 
4.199696 
5.565313 
6.902144 
8.203708 
9.463958 
10.677325 
11.838749 
12.943699 
13.988165 
14.968652 
15.882151 
16.726107 
17.498384 
18.197218 
18.821175 
19.369110 
19.840121 
20.233513 
20.548763 
20.785488 
20.943424 
21.022406 
21.022460 
20.943374 
20.785335 
20.548511 
20.233165 
19.839682 
19.368587 
18.820575 
18.196550 
17.497657 
16.725333 
15.881340 
14.967818 
13.987319 
12.942856 
11.837923 
10.676530 
9.463210 
8.203021 
6.901533 
5.564795 
4.199286 
2.811857 
1.409647 
1.305801 
2.604881 
3.890614 
5.156538 
6.396436 
7.604399 
8.774880 
9.902738 
10.983268 
12.012211 
12.985765 
13.900570 
14.753700 
15.542630 
16.265214 
16.919647 
17.504433 
18.018347 
18.460404 
18.829823 
19.126001 
19.348488 
19.496964 
19.571226 
19.571279 
19.496915 
19.348337 
19.125752 
18.829479 
18.459971 
18.017831 
17.503841 
16.918988 
16.264497 
15.541866 
14.752900 
13.899747 
12.984930 
12.011380 
10.982453 
9.901954 
8.774141 
7.603721 
6.395834 
5.156027 
3.890209 
2.604597 
1.305652 
1.208507 
2.410940 
3.601305 
4.773746 
5.922612 
7.042510 
8.128355 
9.175405 
10.179289 
11.136022 
12.042014 
12.894060 
13.689338 
14.425384 
15.100075 
15.711601 
16.258436 
16.739312 
17.153191 
17.499237 
17.776793 
17.985361 
18.124581 
18.194222 
18.194274 
18.124532 
17.985213 
17.776549 
17.498900 
17.152766 
16.738805 
16.257855 
15.710954 
15.099372 
14.424634 
13.688553 
12.893252 
12.041194 
11.135206 
10.178488 
9.174635 
8.127629 
7.041844 
5.922021 
4.773244 
3.600907 
2.410661 
1.208360 
1.117270 
2.229042 
3.329885 
4.414486 
5.477703 
6.514614 
7.520557 
8.491161 
9.422378 
10.310487 
11.152112 
11.944217 
12.684100 
13.369381 
13.997985 
14.568124 
15.078272 
15.527146 
15.913681 
16.237010 
16.496442 
16.691447 
16.821641 
16.886775 
16.886826 
16.821593 
16.691302 
16.496202 
16.236680 
15.913266 
15.526651 
15.077704 
14.567491 
13.997297 
13.368648 
12.683332 
11.943427 
11.151311 
10.309688 
9.421595 
8.490409 
7.519848 
6.513964 
5.477126 
4.413996 
3.329496 
2.228769 
1.117127 
1.031515 
2.058048 
3.074674 
4.076569 
5.059051 
6.017629 
6.948030 
7.846234 
8.708493 
9.531348 
10.311637 
11.046497 
11.733360 
12.369945 
12.954246 
13.484519 
13.959261 
14.377195 
14.737251 
15.038550 
15.280386 
15.462212 
15.583630 
15.644379 
15.644429 
15.583584 
15.462072 
15.280153 
15.038229 
14.736847 
14.376713 
13.958708 
13.483904 
12.953577 
12.369231 
11.732613 
11.045728 
10.310858 
9.530571 
8.707732 
7.845502 
6.947341 
6.016996 
5.058489 
4.076091 
3.074296 
2.057782 
1.031376 
0.950727 
1.896936 
2.834163 
3.758022 
4.664256 
5.548764 
6.407637 
7.237180 
8.033934 
8.794691 
9.516502 
10.196678 
10.832796 
11.422686 
11.964426 
12.456331 
12.896940 
13.285000 
13.619455 
13.899429 
14.124214 
14.293260 
14.406161 
14.462654 
14.462702 
14.406117 
14.293123 
14.123989 
13.899118 
13.619064 
13.284534 
12.896405 
12.455735 
11.963778 
11.421995 
10.832073 
10.195934 
9.515747 
8.793939 
8.033197 
7.236471 
6.406970 
5.548152 
4.663712 
3.757560 
2.833796 
1.896679 
0.950592 
0.874440 
1.744786 
2.606986 
3.457062 
4.291139 
5.105481 
5.896513 
6.660847 
7.395298 
8.096900 
8.762912 
9.390826 
9.978363 
10.523474 
11.024333 
11.479329 
11.887054 
12.246295 
12.556022 
12.815376 
13.023660 
13.180328 
13.284978 
13.337346 
13.337393 
13.284935 
13.180197 
13.023443 
12.815077 
12.555645 
12.245846 
11.886539 
11.478755 
11.023709 
10.522809 
9.977666 
9.390109 
8.762186 
8.096176 
7.394588 
6.660164 
5.895870 
5.104891 
4.290615 
3.456617 
2.606634 
1.744538 
0.874310 
0.802233 
1.600759 
2.391905 
3.172062 
3.937713 
4.685455 
5.412027 
6.114330 
6.789439 
7.434620 
8.047338 
8.625261 
9.166261 
9.668416 
10.130002 
10.549492 
10.925543 
11.256992 
11.542848 
11.782279 
11.974606 
12.119297 
12.215960 
12.264334 
12.264378 
12.215919 
12.119172 
11.974398 
11.781992 
11.542487 
11.256562 
10.925049 
10.548943 
10.129405 
9.667779 
9.165594 
8.624574 
8.046642 
7.433926 
6.788759 
6.113676 
5.411412 
4.684890 
3.937211 
3.171636 
2.391567 
1.600522 
0.802109 
0.733721 
1.464089 
2.187783 
2.901534 
3.602152 
4.286549 
4.951756 
5.594944 
6.213438 
6.804729 
7.366479 
7.896533 
8.392916 
8.853833 
9.277671 
9.662993 
10.008529 
10.313177 
10.575990 
10.796174 
10.973076 
11.106184 
11.195118 
11.239626 
11.239668 
11.195078 
11.106064 
10.972878 
10.795901 
10.575647 
10.312768 
10.008060 
9.662470 
9.277103 
8.853227 
8.392281 
7.895880 
7.365817 
6.804069 
6.212791 
5.594322 
4.951170 
4.286011 
3.601675 
2.901129 
2.187462 
1.463864 
0.733603 
0.668550 
1.334075 
1.993576 
2.644104 
3.282773 
3.906786 
4.513450 
5.100193 
5.664576 
6.204307 
6.717242 
7.201397 
7.654951 
8.076240 
8.463765 
8.816183 
9.132306 
9.411096 
9.651660 
9.853246 
10.015235 
10.137139 
10.218594 
10.259362 
10.259402 
10.218557 
10.137026 
10.015049 
9.852989 
9.651336 
9.410709 
9.131862 
8.815689 
8.463228 
8.075667 
7.654351 
7.200780 
6.716616 
6.203683 
5.663965 
5.099605 
4.512896 
3.906278 
3.282322 
2.643721 
1.993273 
1.333861 
0.668438 
0.606392 
1.210063 
1.808318 
2.398501 
2.978011 
3.544327 
4.095014 
4.627745 
5.140307 
5.630614 
6.096712 
6.536788 
6.949226 
7.332388 
7.684941 
8.005642 
8.293389 
8.547214 
8.766283 
8.949890 
9.097454 
9.208515 
9.282732 
9.319879 
9.319843 
9.282624 
9.208336 
9.097206 
8.949577 
8.765908 
8.546783 
8.292906 
8.005115 
7.684375 
7.331791 
6.948608 
6.536259 
6.096171 
5.630071 
5.139772 
4.627228 
4.094526 
3.543877 
2.977610 
2.398159 
1.808047 
1.209872 
0.606292 
0.546943 
1.091451 
1.631110 
2.163539 
2.686409 
3.197455 
3.694489 
4.175414 
4.638236 
5.081067 
5.502139 
5.899804 
6.272591 
6.619003 
6.937821 
7.227904 
7.488237 
7.717927 
7.916202 
8.082408 
8.216005 
8.316564 
8.383769 
8.417407 
8.417373 
8.383668 
8.316398 
8.215774 
8.082117 
7.915853 
7.717526 
7.487788 
7.227413 
6.937294 
6.618448 
6.272015 
5.899311 
5.501636 
5.080563 
4.637738 
4.174934 
3.694034 
3.197036 
2.686036 
2.163221 
1.630857 
1.091273 
0.546850 
0.489919 
0.977671 
1.461108 
1.938109 
2.406599 
2.864557 
3.310029 
3.741140 
4.156102 
4.553223 
4.930912 
5.287684 
5.622212 
5.933139 
6.219360 
6.479838 
6.713647 
6.919972 
7.098107 
7.247450 
7.367507 
7.457883 
7.518286 
7.548520 
7.548489 
7.518193 
7.457730 
7.367295 
7.247182 
7.097786 
6.919603 
6.713234 
6.479386 
6.218876 
5.932628 
5.621682 
5.287230 
4.930449 
4.552759 
4.155644 
3.740697 
3.309610 
2.864171 
2.406256 
1.937817 
1.460875 
0.977508 
0.489833 
0.435053 
0.868193 
1.297521 
1.721166 
2.137291 
2.544109 
2.939890 
3.322970 
3.691761 
4.044759 
4.380546 
4.697797 
4.995326 
5.271915 
5.526575 
5.758371 
5.966469 
6.150134 
6.308726 
6.441702 
6.548611 
6.629097 
6.682892 
6.709820 
6.709791 
6.682808 
6.628957 
6.548418 
6.441458 
6.308434 
6.149798 
5.966093 
5.757959 
5.526134 
5.271451 
4.994843 
4.697384 
4.380125 
4.044336 
3.691344 
3.322567 
2.939509 
2.543758 
2.136979 
1.720899 
1.297309 
0.868044 
0.434975 
0.382092 
0.762511 
1.139599 
1.511719 
1.877264 
2.234668 
2.582416 
2.919048 
3.243171 
3.553460 
3.848666 
4.127622 
4.389280 
4.632563 
4.856591 
5.060537 
5.243659 
5.405301 
5.544893 
5.661950 
5.756069 
5.826930 
5.874295 
5.898004 
5.897979 
5.874219 
5.826805 
5.755896 
5.661731 
5.544631 
5.404999 
5.243321 
5.060168 
4.856195 
4.632145 
4.388848 
4.127252 
3.848288 
3.553080 
3.242797 
2.918687 
2.582074 
2.234353 
1.876983 
1.511480 
1.139409 
0.762377 
0.382022 
0.330796 
0.660149 
0.986630 
1.308826 
1.625352 
1.934855 
2.236026 
2.527601 
2.808375 
3.077200 
3.332993 
3.574737 
3.801523 
4.012411 
4.206635 
4.383471 
4.542270 
4.682457 
4.803534 
4.905074 
4.986722 
5.048198 
5.089291 
5.109861 
5.109839 
5.089224 
5.048088 
4.986569 
4.904881 
4.803303 
4.682191 
4.541972 
4.383145 
4.206286 
4.012043 
3.801142 
3.574410 
3.332659 
3.076866 
2.808045 
2.527282 
2.235724 
1.934577 
1.625105 
1.308616 
0.986462 
0.660031 
0.330734 
0.280934 
0.560648 
0.837931 
1.111587 
1.380442 
1.643351 
1.899203 
2.146926 
2.385496 
2.613937 
2.831328 
3.036804 
3.229588 
3.408878 
3.574019 
3.724392 
3.859441 
3.978673 
4.081660 
4.168035 
4.237494 
4.289794 
4.324755 
4.342256 
4.342236 
4.324697 
4.289699 
4.237362 
4.167868 
4.081461 
3.978444 
3.859184 
3.724111 
3.573718 
3.408560 
3.229259 
3.036522 
2.831041 
2.613649 
2.385211 
2.146651 
1.898942 
1.643111 
1.380229 
1.111405 
0.837787 
0.560547 
0.280881 
0.232288 
0.463570 
0.692847 
0.919134 
1.141461 
1.358884 
1.570484 
1.775378 
1.972717 
2.161694 
2.341547 
2.511557 
2.671082 
2.819455 
2.956131 
3.080596 
3.192386 
3.291091 
3.376353 
3.447867 
3.505378 
3.548684 
3.577633 
3.592124 
3.592108 
3.577584 
3.548604 
3.505268 
3.447727 
3.376186 
3.290899 
3.192171 
3.080360 
2.955879 
2.819189 
2.670807 
2.511321 
2.341306 
2.161452 
1.972478 
1.775147 
1.570266 
1.358683 
1.141282 
0.918982 
0.692726 
0.463485 
0.232243 
0.184644 
0.368489 
0.550744 
0.730628 
0.907370 
1.080222 
1.248454 
1.411363 
1.568276 
1.718551 
1.861580 
1.996793 
2.123676 
2.241697 
2.350422 
2.449440 
2.538381 
2.616916 
2.684759 
2.741665 
2.787430 
2.821893 
2.844931 
2.856463 
2.856450 
2.844892 
2.821829 
2.787342 
2.741553 
2.684625 
2.616762 
2.538208 
2.449251 
2.350219 
2.241483 
2.123454 
1.996603 
1.861387 
1.718357 
1.568085 
1.411178 
1.248279 
1.080061 
0.907227 
0.730506 
0.550647 
0.368420 
0.184608 
0.137793 
0.274992 
0.411006 
0.545253 
0.677160 
0.806167 
0.931731 
1.053329 
1.170456 
1.282634 
1.389410 
1.490356 
1.585089 
1.673210 
1.754395 
1.828336 
1.894755 
1.953406 
2.004074 
2.046575 
2.080757 
2.106497 
2.123705 
2.132319 
2.132309 
2.123676 
2.106449 
2.080691 
2.046491 
2.003973 
1.953290 
1.894625 
1.828194 
1.754243 
1.673049 
1.584922 
1.490213 
1.389264 
1.282489 
1.170312 
1.053190 
0.931600 
0.806046 
0.677052 
0.545161 
0.410933 
0.274940 
0.137766 
0.091535 
0.182675 
0.273030 
0.362212 
0.449841 
0.535545 
0.618966 
0.699753 
0.777573 
0.852107 
0.923055 
0.990132 
1.053083 
1.111643 
1.165595 
1.214735 
1.258878 
1.297859 
1.331536 
1.359786 
1.382506 
1.399615 
1.411053 
1.416779 
1.416772 
1.411034 
1.399583 
1.382461 
1.359729 
1.331469 
1.297782 
1.258791 
1.214641 
1.165494 
1.111536 
1.052972 
0.990037 
0.922958 
0.852010 
0.777477 
0.699660 
0.618878 
0.535465 
0.449769 
0.362150 
0.272981 
0.182641 
0.091517 
0.045669 
0.091142 
0.136223 
0.180719 
0.224441 
0.267204 
0.308827 
0.349137 
0.387968 
0.425160 
0.460563 
0.494035 
0.525449 
0.554673 
0.581598 
0.606122 
0.628152 
0.647607 
0.664415 
0.678514 
0.689854 
0.698393 
0.704102 
0.706960 
0.706957 
0.704092 
0.698377 
0.689832 
0.678486 
0.664381 
0.647569 
0.628109 
0.606075 
0.581547 
0.554620 
0.525394 
0.493988 
0.460515 
0.425111 
0.387920 
0.349091 
0.308783 
0.267163 
0.224405 
0.180689 
0.136199 
0.091125 
0.045660 
