0.000000  1.000000  0.000000
0.200000  1.000000  -0.200000
0.400000  0.960000  -0.388000
0.600000  0.882400  -0.556720
0.800000  0.771056  -0.699797
1.000000  0.631097  -0.812020
1.200000  0.468693  -0.889518
1.400000  0.290789  -0.929886
1.600000  0.104812  -0.932250
1.800000  -0.081638  -0.897278
2.000000  -0.261094  -0.827113
2.200000  -0.426517  -0.725268
2.400000  -0.571570  -0.596448
2.600000  -0.690860  -0.446347
2.800000  -0.780129  -0.281395
3.000000  -0.836408  -0.108485
3.200000  -0.858105  0.065306
3.400000  -0.845044  0.233008
3.600000  -0.798443  0.388037
3.800000  -0.720835  0.524443
4.000000  -0.615947  0.637143
4.200000  -0.488518  0.722104
4.400000  -0.344097  0.776482
4.600000  -0.188801  0.798712
4.800000  -0.029058  0.788549
5.000000  0.128652  0.747048
5.200000  0.278061  0.676495
5.400000  0.413360  0.580293
5.600000  0.529419  0.462803
5.800000  0.621979  0.329151
6.000000  0.687810  0.185006
6.200000  0.724811  0.036344
6.400000  0.732080  -0.110799
6.600000  0.709920  -0.250567
6.800000  0.659807  -0.377517
7.000000  0.584303  -0.486827
7.200000  0.486938  -0.574478
7.400000  0.372042  -0.637397
7.600000  0.244563  -0.673562
7.800000  0.109850  -0.682061
8.000000  -0.026562  -0.663107
8.200000  -0.159183  -0.618008
8.400000  -0.282785  -0.549091
8.600000  -0.392603  -0.459589
8.800000  -0.484521  -0.353493
9.000000  -0.555219  -0.235379
9.200000  -0.602295  -0.110213
9.400000  -0.624338  0.016859
9.600000  -0.620966  0.140715
9.800000  -0.592823  0.256465
10.000000  -0.541530  0.359642
10.200000  -0.469601  0.446370
10.400000  -0.380327  0.513508
10.600000  -0.277626  0.558763
10.800000  -0.165873  0.580762
11.000000  -0.049721  0.579091
11.200000  0.066097  0.554290
11.400000  0.176955  0.507813
11.600000  0.278518  0.441953
11.800000  0.366908  0.359732
12.000000  0.438855  0.264767
12.200000  0.491808  0.161110
12.400000  0.524030  0.053081
12.600000  0.534647  -0.054910
12.800000  0.523665  -0.158544
13.000000  0.491956  -0.253765
13.200000  0.441203  -0.336930
13.400000  0.373817  -0.404955
13.600000  0.292826  -0.455421
13.800000  0.201742  -0.486661
14.000000  0.104410  -0.497809
14.200000  0.004848  -0.488823
14.400000  -0.092917  -0.460463
14.600000  -0.185009  -0.414252
14.800000  -0.267860  -0.352395
15.000000  -0.338339  -0.277679
15.200000  -0.393874  -0.193351
15.400000  -0.432545  -0.102975
15.600000  -0.453140  -0.010287
15.800000  -0.455197  0.080958
16.000000  -0.439005  0.167140
16.200001  -0.405578  0.244912
16.400000  -0.356595  0.311333
16.600000  -0.294328  0.363972
16.799999  -0.221534  0.401000
17.000000  -0.141334  0.421246
17.200001  -0.057085  0.424238
17.400000  0.027763  0.410201
17.600000  0.109803  0.380036
17.799999  0.185810  0.335274
18.000000  0.252865  0.277995
18.200001  0.308464  0.210742
18.400000  0.350613  0.136405
18.600000  0.377894  0.058098
18.799999  0.389513  -0.020966
19.000000  0.385320  -0.097611
19.200001  0.365798  -0.168818
19.400000  0.332034  -0.231849
19.600000  0.285664  -0.284345
19.799999  0.228795  -0.324417
20.000000  0.163912  -0.350711
