  0.000000  0.000000  0.000000  0.000000  0.000000  0.000000  0.000000  0.000000  0.000000  0.000000  0.000000  0.000000  0.000000  0.000000  0.000000  0.000000  0.000000  0.000000  0.000000  0.000000  0.000000  0.000000  0.000000  0.000000  0.000000  0.000000  0.000000  0.000000  0.000000  0.000000  0.000000  0.000000
  0.025000  0.000000  0.000000  0.000000  0.000000  0.000000  0.000000  0.000000  0.000000  0.000000  0.000000  0.002813  0.005000  0.003750  0.002500  0.001250  -0.000000  -0.001250  -0.002500  -0.003750  -0.005000  -0.002812  0.000000  -0.000000  0.000000  0.000000  0.000000  -0.000000  0.000000  -0.000000  0.000000  0.000000
  0.050000  0.000000  0.000000  0.000000  0.000000  0.000000  0.000000  0.000000  0.000000  0.000000  0.002813  0.005000  0.006563  0.007500  0.005000  0.002500  -0.000000  -0.002500  -0.005000  -0.007500  -0.006562  -0.005000  -0.002812  0.000000  -0.000000  0.000000  -0.000000  0.000000  -0.000000  0.000000  -0.000000  0.000000
  0.075000  0.000000  0.000000  0.000000  0.000000  0.000000  0.000000  0.000000  0.000000  0.002813  0.005000  0.006563  0.007500  0.007812  0.007500  0.003750  -0.000000  -0.003750  -0.007500  -0.007813  -0.007500  -0.006563  -0.005000  -0.002812  0.000000  -0.000000  0.000000  -0.000000  0.000000  -0.000000  0.000000  -0.000000
  0.100000  0.000000  0.000000  0.000000  0.000000  0.000000  0.000000  0.000000  0.002813  0.005000  0.006563  0.007500  0.007812  0.007500  0.006562  0.005000  -0.000000  -0.005000  -0.006563  -0.007500  -0.007813  -0.007500  -0.006563  -0.005000  -0.002813  0.000000  -0.000000  0.000000  -0.000000  0.000000  -0.000000  0.000000
  0.125000  0.000000  0.000000  0.000000  0.000000  0.000000  0.000000  0.002813  0.005000  0.006563  0.007500  0.007812  0.007500  0.006562  0.005000  0.002812  0.000000  -0.002813  -0.005000  -0.006563  -0.007500  -0.007813  -0.007500  -0.006563  -0.005000  -0.002813  0.000000  -0.000000  0.000000  -0.000000  0.000000  -0.000000
  0.150000  0.000000  0.000000  0.000000  0.000000  0.000000  0.002813  0.005000  0.006563  0.007500  0.007812  0.007500  0.006562  0.005000  0.002812  0.000000  -0.000000  0.000000  -0.002813  -0.005000  -0.006563  -0.007500  -0.007813  -0.007500  -0.006563  -0.005000  -0.002813  0.000000  -0.000000  0.000000  -0.000000  0.000000
  0.175000  0.000000  0.000000  0.000000  0.000000  0.002813  0.005000  0.006563  0.007500  0.007812  0.007500  0.006562  0.005000  0.002812  0.000000  -0.000000  0.000000  -0.000000  0.000000  -0.002813  -0.005000  -0.006563  -0.007500  -0.007813  -0.007500  -0.006563  -0.005000  -0.002813  0.000000  -0.000000  0.000000  -0.000000
  0.200000  0.000000  0.000000  0.000000  0.002813  0.005000  0.006563  0.007500  0.007812  0.007500  0.006562  0.005000  0.002812  0.000000  -0.000000  0.000000  -0.000000  0.000000  -0.000000  0.000000  -0.002813  -0.005000  -0.006563  -0.007500  -0.007813  -0.007500  -0.006563  -0.005000  -0.002813  0.000000  -0.000000  0.000000
  0.225000  0.000000  0.000000  0.002813  0.005000  0.006563  0.007500  0.007812  0.007500  0.006562  0.005000  0.002812  0.000000  -0.000000  0.000000  -0.000000  0.000000  -0.000000  0.000000  -0.000000  0.000000  -0.002813  -0.005000  -0.006563  -0.007500  -0.007813  -0.007500  -0.006563  -0.005000  -0.002813  0.000000  -0.000000
  0.250000  0.000000  0.002813  0.005000  0.006563  0.007500  0.007812  0.007500  0.006562  0.005000  0.002812  0.000000  -0.000000  0.000000  -0.000000  0.000000  -0.000000  0.000000  -0.000000  0.000000  -0.000000  0.000000  -0.002813  -0.005000  -0.006563  -0.007500  -0.007813  -0.007500  -0.006563  -0.005000  -0.002813  0.000000
  0.275000  0.005625  0.005000  0.006563  0.007500  0.007812  0.007500  0.006562  0.005000  0.002812  0.000000  -0.000000  0.000000  -0.000000  0.000000  -0.000000  0.000000  -0.000000  0.000000  -0.000000  0.000000  -0.000000  0.000000  -0.002813  -0.005000  -0.006563  -0.007500  -0.007813  -0.007500  -0.006563  -0.005000  -0.002813
  0.300000  0.010000  0.009375  0.007500  0.007813  0.007500  0.006562  0.005000  0.002812  0.000000  -0.000000  0.000000  -0.000000  0.000000  -0.000000  0.000000  -0.000000  0.000000  -0.000000  0.000000  -0.000000  0.000000  -0.000000  0.000000  -0.002813  -0.005000  -0.006563  -0.007500  -0.007813  -0.007500  -0.006563  -0.005000
  0.325000  0.013125  0.012500  0.010625  0.007500  0.006562  0.005000  0.002812  0.000000  -0.000000  0.000000  -0.000000  0.000000  -0.000000  0.000000  -0.000000  0.000000  -0.000000  0.000000  -0.000000  0.000000  -0.000000  0.000000  -0.000000  0.000000  -0.002813  -0.005000  -0.006563  -0.007500  -0.007813  -0.007500  -0.006563
  0.350000  0.015000  0.014375  0.012500  0.009375  0.005000  0.002812  0.000000  -0.000000  0.000000  -0.000000  0.000000  -0.000000  0.000000  -0.000000  0.000000  -0.000000  0.000000  -0.000000  0.000000  -0.000000  0.000000  -0.000000  0.000000  -0.000000  0.000000  -0.002813  -0.005000  -0.006563  -0.007500  -0.007813  -0.007500
  0.375000  0.015625  0.015000  0.013125  0.010000  0.005625  0.000000  0.000000  0.000000  -0.000000  0.000000  -0.000000  0.000000  -0.000000  0.000000  -0.000000  0.000000  -0.000000  0.000000  -0.000000  0.000000  -0.000000  0.000000  -0.000000  0.000000  -0.000000  0.000000  -0.002813  -0.005000  -0.006563  -0.007500  -0.007813
  0.400000  0.015000  0.014375  0.012500  0.009375  0.005000  0.002813  0.000000  -0.000000  0.000000  -0.000000  0.000000  -0.000000  0.000000  -0.000000  0.000000  -0.000000  0.000000  -0.000000  0.000000  -0.000000  0.000000  -0.000000  0.000000  -0.000000  0.000000  -0.000000  0.000000  -0.002813  -0.005000  -0.006563  -0.007500
  0.425000  0.013125  0.012500  0.010625  0.007500  0.006562  0.005000  0.002812  0.000000  -0.000000  0.000000  -0.000000  0.000000  -0.000000  0.000000  -0.000000  0.000000  -0.000000  0.000000  -0.000000  0.000000  -0.000000  0.000000  -0.000000  0.000000  -0.000000  0.000000  -0.000000  0.000000  -0.002813  -0.005000  -0.006563
  0.450000  0.010000  0.009375  0.007500  0.007812  0.007500  0.006562  0.005000  0.002812  0.000000  -0.000000  0.000000  -0.000000  0.000000  -0.000000  0.000000  -0.000000  0.000000  -0.000000  0.000000  -0.000000  0.000000  -0.000000  0.000000  -0.000000  0.000000  -0.000000  0.000000  -0.000000  0.000000  -0.002813  -0.005000
  0.475000  0.005625  0.005000  0.006562  0.007500  0.007812  0.007500  0.006562  0.005000  0.002812  0.000000  -0.000000  0.000000  -0.000000  0.000000  -0.000000  0.000000  -0.000000  0.000000  -0.000000  0.000000  -0.000000  0.000000  -0.000000  0.000000  -0.000000  0.000000  -0.000000  0.000000  -0.000000  0.000000  -0.002813
  0.500000  0.000000  0.002812  0.005000  0.006562  0.007500  0.007812  0.007500  0.006562  0.005000  0.002812  0.000000  -0.000000  0.000000  -0.000000  0.000000  -0.000000  0.000000  -0.000000  0.000000  -0.000000  0.000000  -0.000000  0.000000  -0.000000  0.000000  -0.000000  0.000000  -0.000000  0.000000  -0.000000  0.000000
  0.525000  0.000000  0.000000  0.002812  0.005000  0.006562  0.007500  0.007812  0.007500  0.006562  0.005000  0.002812  0.000000  -0.000000  0.000000  -0.000000  0.000000  -0.000000  0.000000  -0.000000  0.000000  -0.000000  0.000000  -0.000000  0.000000  -0.000000  0.000000  -0.000000  0.000000  -0.000000  0.000000  -0.000000
  0.550000  0.000000  0.000000  0.000000  0.002812  0.005000  0.006562  0.007500  0.007812  0.007500  0.006562  0.005000  0.002812  0.000000  -0.000000  0.000000  -0.000000  0.000000  -0.000000  0.000000  -0.000000  0.000000  -0.000000  0.000000  -0.000000  0.000000  -0.000000  0.000000  -0.000000  0.000000  -0.000000  0.000000
  0.575000  0.000000  0.000000  0.000000  0.000000  0.002812  0.005000  0.006562  0.007500  0.007812  0.007500  0.006562  0.005000  0.002812  0.000000  -0.000000  0.000000  -0.000000  0.000000  -0.000000  0.000000  -0.000000  0.000000  -0.000000  0.000000  -0.000000  0.000000  -0.000000  0.000000  -0.000000  0.000000  -0.000000
  0.600000  0.000000  0.000000  0.000000  0.000000  0.000000  0.002812  0.005000  0.006562  0.007500  0.007812  0.007500  0.006562  0.005000  0.002812  0.000000  -0.000000  0.000000  -0.000000  0.000000  -0.000000  0.000000  -0.000000  0.000000  -0.000000  0.000000  -0.000000  0.000000  -0.000000  0.000000  -0.000000  0.000000
  0.625000  0.000000  0.000000  0.000000  0.000000  0.000000  0.000000  0.002812  0.005000  0.006562  0.007500  0.007812  0.007500  0.006562  0.005000  0.002812  0.000000  -0.000000  0.000000  -0.000000  0.000000  -0.000000  0.000000  -0.000000  0.000000  -0.000000  0.000000  -0.000000  0.000000  -0.000000  0.000000  -0.000000
  0.650000  0.000000  0.000000  0.000000  0.000000  0.000000  0.000000  0.000000  0.002812  0.005000  0.006562  0.007500  0.007812  0.007500  0.006562  0.005000  0.002812  0.000000  -0.000000  0.000000  -0.000000  0.000000  -0.000000  0.000000  -0.000000  0.000000  -0.000000  0.000000  -0.000000  0.000000  -0.000000  0.000000
  0.675000  0.000000  0.000000  0.000000  0.000000  0.000000  0.000000  0.000000  0.000000  0.002812  0.005000  0.006562  0.007500  0.007812  0.007500  0.006562  0.005000  0.002812  0.000000  -0.000000  0.000000  -0.000000  0.000000  -0.000000  0.000000  -0.000000  0.000000  -0.000000  0.000000  -0.000000  0.000000  -0.000000
  0.700000  0.000000  0.000000  0.000000  0.000000  0.000000  0.000000  0.000000  0.000000  0.000000  0.002812  0.005000  0.006562  0.007500  0.007812  0.007500  0.006562  0.005000  0.002812  0.000000  -0.000000  0.000000  -0.000000  0.000000  -0.000000  0.000000  -0.000000  0.000000  -0.000000  0.000000  -0.000000  0.000000
  0.725000  0.000000  0.000000  0.000000  0.000000  0.000000  0.000000  0.000000  0.000000  0.000000  0.000000  0.002812  0.005000  0.006562  0.007500  0.007812  0.007500  0.006562  0.005000  0.002812  0.000000  -0.000000  0.000000  -0.000000  0.000000  -0.000000  0.000000  -0.000000  0.000000  -0.000000  0.000000  -0.000000
  0.750000  0.000000  0.000000  0.000000  0.000000  0.000000  0.000000  0.000000  0.000000  0.000000  0.000000  0.000000  0.002812  0.005000  0.006562  0.007500  0.007812  0.007500  0.006562  0.005000  0.002812  0.000000  -0.000000  0.000000  -0.000000  0.000000  -0.000000  0.000000  -0.000000  0.000000  -0.000000  0.000000
  0.775000  0.000000  0.000000  0.000000  0.000000  0.000000  0.000000  0.000000  0.000000  0.000000  0.000000  0.000000  0.000000  0.002812  0.005000  0.006562  0.007500  0.007812  0.007500  0.006562  0.005000  0.002812  0.000000  -0.000000  0.000000  -0.000000  0.000000  -0.000000  0.000000  -0.000000  0.000000  -0.002813
  0.800000  0.000000  0.000000  0.000000  0.000000  0.000000  0.000000  0.000000  0.000000  0.000000  0.000000  0.000000  0.000000  0.000000  0.002812  0.005000  0.006562  0.007500  0.007812  0.007500  0.006562  0.005000  0.002812  0.000000  -0.000000  0.000000  -0.000000  0.000000  -0.000000  0.000000  -0.002813  -0.005000
  0.825000  0.000000  0.000000  0.000000  0.000000  0.000000  0.000000  0.000000  0.000000  0.000000  0.000000  0.000000  0.000000  0.000000  0.000000  0.002812  0.005000  0.006562  0.007500  0.007812  0.007500  0.006562  0.005000  0.002812  0.000000  -0.000000  0.000000  -0.000000  0.000000  -0.002813  -0.005000  -0.006563
  0.850000  0.000000  0.000000  0.000000  0.000000  0.000000  0.000000  0.000000  0.000000  0.000000  0.000000  0.000000  0.000000  0.000000  0.000000  0.000000  0.002812  0.005000  0.006562  0.007500  0.007812  0.007500  0.006562  0.005000  0.002812  0.000000  -0.000000  0.000000  -0.002813  -0.005000  -0.006563  -0.007500
  0.875000  0.000000  0.000000  0.000000  0.000000  0.000000  0.000000  0.000000  0.000000  0.000000  0.000000  0.000000  0.000000  0.000000  0.000000  0.000000  0.000000  0.002812  0.005000  0.006562  0.007500  0.007812  0.007500  0.006562  0.005000  0.002812  0.000000  -0.002813  -0.005000  -0.006563  -0.007500  -0.007813
  0.900000  0.000000  0.000000  0.000000  0.000000  0.000000  0.000000  0.000000  0.000000  0.000000  0.000000  0.000000  0.000000  0.000000  0.000000  0.000000  0.000000  0.000000  0.002812  0.005000  0.006562  0.007500  0.007812  0.007500  0.006562  0.005000  0.000000  -0.005000  -0.006563  -0.007500  -0.007813  -0.007500
  0.925000  0.000000  0.000000  0.000000  0.000000  0.000000  0.000000  0.000000  0.000000  0.000000  0.000000  0.000000  0.000000  0.000000  0.000000  0.000000  0.000000  0.000000  0.000000  0.002812  0.005000  0.006562  0.007500  0.007812  0.007500  0.003750  0.000000  -0.003750  -0.007500  -0.007813  -0.007500  -0.006562
  0.950000  0.000000  0.000000  0.000000  0.000000  0.000000  0.000000  0.000000  0.000000  0.000000  0.000000  0.000000  0.000000  0.000000  0.000000  0.000000  0.000000  0.000000  0.000000  0.000000  0.002812  0.005000  0.006562  0.007500  0.005000  0.002500  -0.000000  -0.002500  -0.005000  -0.007500  -0.006562  -0.005000
  0.975000  0.000000  0.000000  0.000000  0.000000  0.000000  0.000000  0.000000  0.000000  0.000000  0.000000  0.000000  0.000000  0.000000  0.000000  0.000000  0.000000  0.000000  0.000000  0.000000  0.000000  0.002812  0.005000  0.003750  0.002500  0.001250  -0.000000  -0.001250  -0.002500  -0.003750  -0.005000  -0.002813
  1.000000  0.000000  0.000000  0.000000  0.000000  0.000000  0.000000  0.000000  0.000000  0.000000  0.000000  0.000000  0.000000  0.000000  0.000000  0.000000  0.000000  0.000000  0.000000  0.000000  0.000000  0.000000  0.000000  0.000000  0.000000  0.000000  0.000000  0.000000  0.000000  0.000000  0.000000  0.000000
