Adams order ? step size, days ? Number of steps ? initializing...
initialized.
    1  2440405.50 0.000e+00
    2  2440410.50 0.000e+00
    3  2440415.50 0.000e+00
    4  2440420.50 0.000e+00
    5  2440425.50 9.563e-04
    6  2440430.50 1.721e-03
    7  2440435.50 2.525e-03
    8  2440440.50 3.140e-03
    9  2440445.50 3.608e-03
   10  2440450.50 3.804e-03
Final x, y, z, positions and errors:
 -0.296592017904059   -0.293933638235799   -0.125912805570771
         -5.348e-01             -4.936e-01             -2.081e-01
  0.502673557878321    0.489787074141612    0.188673976412524
          9.316e-01             -2.333e-02             -6.946e-02
  0.827027068834884   -0.540429994570934   -0.234411206978416
         -1.515e-01             -7.479e-01             -3.243e-01
  0.597870712767005   -1.156459381961452   -0.546596648561429
         -5.532e-01             -4.670e-01             -1.992e-01
 -5.312866903223375   -1.154239008251386   -0.365248050665165
         -9.108e-02              3.185e-01              1.388e-01
  7.729862644481273    4.811097470776739    1.654388452068674
          1.718e-01             -2.101e-01             -9.414e-02
-18.253223678306806   -1.350009754355811   -0.332641990678309
         -1.437e-02              1.879e-01              8.249e-02
-15.922648179556090  -24.016765077480052   -9.433986152630702
         -1.328e-01              7.396e-02              3.358e-02
-30.467030393096810   -1.029611721237171    8.857619922013701
         -1.717e-02              1.571e-01              5.421e-02
 -0.000540628142826    0.016578046419619    0.008938135021730
          1.209e-03              1.477e-02              7.979e-03
  0.004478635934690    0.001029835020097    0.000379104490330
          4.381e-05             -2.535e-04             -1.096e-04
