19 January 2014 10:28:24 AM

CUBE_INTEGRALS_PRB
  C version
  Test the CUBE_INTEGRALS library.

TEST01
  Compare exact and estimated integrals
  over the interior of the unit cube in 3D.

  Number of sample points is 4192

  Ex  Ey  Ez     MC-Estimate           Exact      Error

   6   5   0       0.0225282       0.0238095    1.28e-03
   1   4   5       0.0153349       0.0166667    1.33e-03
   7   7   4      0.00233818        0.003125    7.87e-04
   1   4   1       0.0476543            0.05    2.35e-03
   6   4   0       0.0270378       0.0285714    1.53e-03
   7   0   7       0.0145014        0.015625    1.12e-03
   4   7   0       0.0240766           0.025    9.23e-04
   1   0   7       0.0597218          0.0625    2.78e-03
   3   4   0       0.0481349            0.05    1.87e-03
   1   6   3       0.0164819       0.0178571    1.38e-03
   2   3   3       0.0191385       0.0208333    1.69e-03
   5   0   7       0.0193346       0.0208333    1.50e-03
   1   0   2        0.161858        0.166667    4.81e-03
   7   2   6      0.00497168      0.00595238    9.81e-04
   6   5   1        0.010598       0.0119048    1.31e-03
   7   7   4      0.00233818        0.003125    7.87e-04
   1   7   6      0.00788249      0.00892857    1.05e-03
   2   5   4      0.00983795       0.0111111    1.27e-03
   0   7   0        0.123613           0.125    1.39e-03
   1   6   4       0.0130247       0.0142857    1.26e-03

CUBE_INTEGRALS_PRB
  Normal end of execution.

19 January 2014 10:28:24 AM
