13 November 2010 10:03:58 AM

ASA239_PRB:
  C version
  Test the ASA239 library.

TEST01:
  GAMMAD computes the incomplete Gamma function.
  Compare to tabulated values.

             A             X          FX                        FX2
                                      (Tabulated)               (GAMMAD)            DIFF

        0.1000        0.0300        0.7382350532339351        0.7382350532306056  3.3296e-12
        0.1000        0.3000        0.9083579897300343        0.9083579897259375  4.0968e-12
        0.1000        1.5000        0.9886559833621947        0.9886559833622455  5.0737e-14
        0.5000        0.0750        0.3014646416966613        0.3014646417030197  6.3584e-12
        0.5000        0.7500        0.7793286380801532        0.7793286380965901  1.6437e-11
        0.5000        3.5000        0.9918490284064972        0.9918490284039905  2.5068e-12
        1.0000        0.1000       0.09516258196404043       0.09516258196404044  1.3878e-17
        1.0000        1.0000        0.6321205588285577        0.6321205588285577  0.0000e+00
        1.0000        5.0000        0.9932620530009145        0.9932620530009145  0.0000e+00
        1.1000        0.1000       0.07205974576054322       0.07205974576011362  4.2960e-13
        1.1000        1.0000        0.5891809618706485         0.589180961867136  3.5125e-12
        1.1000        5.0000        0.9915368159845525        0.9915368159845908  3.8303e-14
        2.0000        0.1500       0.01018582711118352       0.01018582711004402  1.1395e-12
        2.0000        1.5000        0.4421745996289254        0.4421745995794589  4.9466e-11
        2.0000        7.0000        0.9927049442755639        0.9927049442755639  0.0000e+00
        6.0000        2.5000       0.04202103819530612       0.04202103800549275  1.8981e-10
        6.0000       12.0000        0.9796589705830716        0.9796589704929319  9.0140e-11
       11.0000       16.0000        0.9226039842296428        0.9226039843451429  1.1550e-10
       26.0000       25.0000        0.4470785799755852        0.4470785799755802  4.9960e-15
       41.0000       45.0000        0.7444549220718699        0.7444549220718739  3.9968e-15

ASA239_PRB:
  Normal end of execution.

13 November 2010 10:03:58 AM
