20 November 2010 12:37:50 PM

ASA310_PRB:
  C version
  Test the ASA310 library.

TEST01:
  NCBETA computes the noncentral incomplete Beta function.
  Compare to tabulated values.

      A        B     LAMBDA        X          FX                        FX2
                                              (Tabulated)               (NCBETA)            DIFF

     5.00     5.00   54.000      0.8640        0.4563021000000000        0.4563022483390367  1.4834e-07
     5.00     5.00  140.000      0.9000        0.1041337000000000        0.1041334790875982  2.2091e-07
     5.00     5.00  170.000      0.9560        0.6022353000000000        0.6022418158548807  6.5159e-06
    10.00    10.00   54.000      0.8686        0.9187770000000000        0.9187759254330974  1.0746e-06
    10.00    10.00  140.000      0.9000        0.6008106000000000        0.6008067894096832  3.8106e-06
    10.00    10.00  250.000      0.9000        0.0902850000000000        0.0902898993260559  4.8993e-06
    20.00    20.00   54.000      0.8787        0.9998655000000000        0.9998614048611703  4.0951e-06
    20.00    20.00  140.000      0.9000        0.9925997000000000        0.9925954777347362  4.2223e-06
    20.00    20.00  250.000      0.9220        0.9641111999999999        0.9641179545701509  6.7546e-06
    10.00    20.00  150.000      0.8680        0.9376626573000000        0.9376626555219731  1.7780e-09
    10.00    10.00  120.000      0.9000        0.7306817858000000        0.7306817844791930  1.3208e-09
    15.00     5.00   80.000      0.8800        0.1604256918000000        0.1604256916919781  1.0802e-10
    20.00    10.00  110.000      0.8500        0.1867485313000000        0.1867485309480680  3.5193e-10
    20.00    30.00   65.000      0.6600        0.6559386874000001        0.6559386873992288  7.7127e-13
    20.00    50.00  130.000      0.7200        0.9796881486000000        0.9796881474202076  1.1798e-09
    30.00    20.00   80.000      0.7200        0.1162386423000000        0.1162386421523797  1.4762e-10
    30.00    40.00  130.000      0.8000        0.9930430054000000        0.9930430042307262  1.1693e-09
    10.00     5.00   20.000      0.6440        0.0506899273000000        0.0506898798135527  4.7486e-08
    10.00    10.00   54.000      0.7000        0.1030959706000000        0.1030959706112684  1.1268e-11
    10.00    30.00   80.000      0.7800        0.9978417832000001        0.9978417830424838  1.5752e-10
    15.00    20.00  120.000      0.7600        0.2555552369000000        0.2555552355854933  1.3145e-09
    10.00     5.00   55.000      0.7950        0.0668307064000000        0.0668307064085136  8.5136e-12
    12.00    17.00   64.000      0.5600        0.0113601067000000        0.0113601066659130  3.4087e-11
    30.00    30.00  140.000      0.8000        0.7813366615000000        0.7813366591185901  2.3814e-09
    35.00    30.00   20.000      0.6700        0.8867126477000000        0.8867125569354448  9.0765e-08

ASA310_PRB:
  Normal end of execution.

20 November 2010 12:37:50 PM
