    0.0000000000000000e+00    5.0000000000000000e+03    1.0000000000000000e+02
    5.0000000000000003e-02    5.4750000000000000e+03    1.0000000000000000e+02
    1.0000000000000001e-01    5.9951250000000000e+03    1.0475000000000000e+02
    1.5000000000000002e-01    6.5632380328125000e+03    1.1517393437500000e+02
    2.0000000000000001e-01    7.1817661387698172e+03    1.3317836183536511e+02
    2.5000000000000000e-01    7.8521199601744956e+03    1.6223476586228853e+02
    2.9999999999999999e-01    8.5736376140288703e+03    2.0850606725729543e+02
    3.4999999999999998e-01    9.3416186023822374e+03    2.8301857972768585e+02
    3.9999999999999997e-01    1.0143587881160263e+04    4.0589445278423796e+02
    4.4999999999999996e-01    1.0952085366661671e+04    6.1466983162135625e+02
    4.9999999999999994e-01    1.1710698079916407e+04    9.8052656263354311e+02
    5.4999999999999993e-01    1.2307635361191064e+04    1.6385283347507384e+03
    5.9999999999999998e-01    1.2530078433655584e+04    2.8359050946845391e+03
    6.5000000000000002e-01    1.2006380613681105e+04    4.9713638740223432e+03
    7.0000000000000007e-01    1.0222614333018393e+04    8.4544906210728168e+03
    7.5000000000000011e-01    6.9235259162528037e+03    1.2869945010671265e+04
    8.0000000000000016e-01    3.1606086167715353e+03    1.5345512287548729e+04
    8.5000000000000020e-01    1.0516115602086893e+03    1.2522871980254364e+04
    9.0000000000000024e-01    4.9831286915710973e+02    7.5783556842720791e+03
    9.5000000000000029e-01    3.5932454784668516e+02    4.1668170585883108e+03
    1.0000000000000002e+00    3.2039501985449868e+02    2.2331324948478650e+03
    1.0500000000000003e+00    3.1666029533872313e+02    1.1881147004263833e+03
    1.1000000000000003e+00    3.2951488727593062e+02    6.3168022540652134e+02
    1.1500000000000004e+00    3.5205897409006047e+02    3.3665491653018711e+02
    1.2000000000000004e+00    3.8133875227226690e+02    1.8017969671869281e+02
    1.2500000000000004e+00    4.1603715246291853e+02    9.6960798432496574e+01
    1.3000000000000005e+00    4.5562390298519102e+02    5.2514328664286978e+01
    1.3500000000000005e+00    4.9998995411427666e+02    2.8649842671010443e+01
    1.4000000000000006e+00    5.4927271784958134e+02    1.5757384687751196e+01
    1.4500000000000006e+00    6.0376723455885735e+02    8.7442024952398469e+00
    1.5000000000000007e+00    6.6387998486679442e+02    4.9000475435172852e+00
    1.5500000000000007e+00    7.3010533117902196e+02    2.7753281206623255e+00
    1.6000000000000008e+00    8.0301455020409082e+02    1.5902922459978246e+00
    1.6500000000000008e+00    8.8325215383386922e+02    9.2284890426021193e-01
    1.7000000000000008e+00    9.7153661380313861e+02    5.4293528036521188e-01
    1.7500000000000009e+00    1.0686639011082625e+03    3.2421579056263350e-01
    1.8000000000000009e+00    1.1755129673335116e+03    1.9675566643567308e-01
    1.8500000000000010e+00    1.2930526996249982e+03    1.2150671694698459e-01
    1.9000000000000010e+00    1.4223501138580796e+03    7.6464817310579192e-02
    1.9500000000000011e+00    1.5645796872568071e+03    4.9108382816073548e-02
    2.0000000000000009e+00    1.7210338142835765e+03    3.2237589230842766e-02
    2.0500000000000007e+00    1.8931344216128764e+03    2.1666992731147829e-02
    2.1000000000000005e+00    2.0824458128476763e+03    1.4935349340791108e-02
    2.1500000000000004e+00    2.2906888390296590e+03    1.0577880240210329e-02
    2.2000000000000002e+00    2.5197565114010144e+03    7.7120033407893814e-03
    2.2500000000000000e+00    2.7717311909225841e+03    5.7992387337847335e-03
    2.2999999999999998e+00    3.0489035063182982e+03    4.5070124550961209e-03
    2.3499999999999996e+00    3.3537931698778243e+03    3.6276508352843409e-03
    2.3999999999999995e+00    3.6891718785460771e+03    3.0304644770499912e-03
    2.4499999999999993e+00    4.0580885074054686e+03    2.6332226712915624e-03
    2.4999999999999991e+00    4.4638968238534826e+03    2.3851964016265628e-03
    2.5499999999999989e+00    4.9102859738752986e+03    2.2573252649620381e-03
    2.5999999999999988e+00    5.4013140170571987e+03    2.2370738911827630e-03
    2.6499999999999986e+00    5.9414448146059904e+03    2.3268508021551965e-03
    2.6999999999999984e+00    6.5355886048238081e+03    2.5459109643602763e-03
    2.7499999999999982e+00    7.1891466333548542e+03    2.9368581509370394e-03
    2.7999999999999980e+00    7.9080602410151450e+03    3.5797794643134973e-03
    2.8499999999999979e+00    8.6988648496610767e+03    4.6208008974907549e-03
    2.8999999999999977e+00    9.5687493248410592e+03    6.3299726991918456e-03
    2.9499999999999975e+00    1.0525621228829066e+04    9.2219785487613545e-03
    2.9999999999999973e+00    1.1578178498359313e+04    1.4317694592845556e-02
    3.0499999999999972e+00    1.2735988059554060e+04    2.3736129664518761e-02
    3.0999999999999970e+00    1.4009571750356266e+04    4.2098371230993165e-02
    3.1499999999999968e+00    1.5410499436384276e+04    8.0027200848869870e-02
    3.1999999999999966e+00    1.6951487717066026e+04    1.6333951378212697e-01
    3.2499999999999964e+00    1.8646498046384550e+04    3.5855453304998974e-01
    3.2999999999999963e+00    2.0510813561703002e+04    8.4785590652889076e-01
    3.3499999999999961e+00    2.2561025407152003e+04    2.1629493958647221e+00
    3.3999999999999959e+00    2.4814688030053479e+04    5.9613103253811683e+00
    3.4499999999999957e+00    2.7288760430260096e+04    1.7773460760157612e+01
    3.4999999999999956e+00    2.9993385687651076e+04    5.7388301650135766e+01
    3.5499999999999954e+00    3.2906660783148596e+04    2.0082109736024634e+02
    3.5999999999999952e+00    3.5866909275016791e+04    7.6124572157345153e+02
    3.6499999999999950e+00    3.8088423640934983e+04    3.1109759839536937e+03
    3.6999999999999948e+00    3.5972657444348341e+04    1.3404705113337131e+04
    3.7499999999999947e+00    1.5459779929554108e+04    5.4922639075126688e+04
    3.7999999999999945e+00   -2.5448837740079874e+04    1.1237051086274213e+05
    3.8499999999999943e+00    1.1499122337170251e+05   -2.2978463434020965e+05
    3.8999999999999941e+00    1.4476511564488746e+06   -2.7572139386501089e+06
    3.9499999999999940e+00    2.0116661361528310e+08   -4.0052700165570378e+08
    3.9999999999999938e+00    4.0288543125030176e+12   -8.0574663219569092e+12
    4.0499999999999936e+00    1.6231179013849361e+21   -3.2462357979351257e+21
    4.0999999999999934e+00    2.6345117178725574e+38   -5.2690234357451148e+38
    4.1499999999999932e+00    6.9406519916078149e+72   -1.3881303983215630e+73
    4.1999999999999931e+00   4.8172650068609526e+141  -9.6345300137219052e+141
    4.2499999999999929e+00   2.3206042146327055e+279  -4.6412084292654110e+279
    4.2999999999999927e+00                       inf                      -inf
    4.3499999999999925e+00                       inf                       nan
    4.3999999999999924e+00                       nan                       nan
    4.4499999999999922e+00                       nan                       nan
    4.4999999999999920e+00                       nan                       nan
    4.5499999999999918e+00                       nan                       nan
    4.5999999999999917e+00                       nan                       nan
    4.6499999999999915e+00                       nan                       nan
    4.6999999999999913e+00                       nan                       nan
    4.7499999999999911e+00                       nan                       nan
    4.7999999999999909e+00                       nan                       nan
    4.8499999999999908e+00                       nan                       nan
    4.8999999999999906e+00                       nan                       nan
    4.9499999999999904e+00                       nan                       nan
    4.9999999999999902e+00                       nan                       nan
