    0.0000000000000000e+00    5.0000000000000000e+03    1.0000000000000000e+02
    5.0000000000000001e-03    5.0475000000000000e+03    1.0000000000000000e+02
    1.0000000000000000e-02    5.0954512500000001e+03    1.0004750000000000e+02
    1.4999999999999999e-02    5.1438568267053279e+03    1.0014299658934375e+02
    2.0000000000000000e-02    5.1927197887891170e+03    1.0028705912640481e+02
    2.5000000000000001e-02    5.2420431736945820e+03    1.0048033213493603e+02
    3.0000000000000002e-02    5.2918299942357353e+03    1.0072353791977429e+02
    3.5000000000000003e-02    5.3420832349826460e+03    1.0101747941467960e+02
    4.0000000000000001e-02    5.3928058484163657e+03    1.0136304327615926e+02
    4.4999999999999998e-02    5.4440007508375647e+03    1.0176120323828083e+02
    4.9999999999999996e-02    5.4956708180117639e+03    1.0221302374472013e+02
    5.4999999999999993e-02    5.5478188805328082e+03    1.0271966387563015e+02
    5.9999999999999991e-02    5.6004477188848805e+03    1.0328238158836069e+02
    6.4999999999999988e-02    5.6535600581818917e+03    1.0390253829261798e+02
    6.9999999999999993e-02    5.7071585625615362e+03    1.0458160378233568e+02
    7.4999999999999997e-02    5.7612458292095880e+03    1.0532116154834664e+02
    8.0000000000000002e-02    5.8158243819881945e+03    1.0612291449790852e+02
    8.5000000000000006e-02    5.8708966646399540e+03    1.0698869110925895e+02
    9.0000000000000011e-02    5.9264650335374154e+03    1.0792045205167143e+02
    9.5000000000000015e-02    5.9825317499453504e+03    1.0892029730396568e+02
    1.0000000000000002e-01    6.0390989717606317e+03    1.0999047380711201e+02
    1.0500000000000002e-01    6.0961687446918777e+03    1.1113338368947636e+02
    1.1000000000000003e-01    6.1537429928380980e+03    1.1235159310639891e+02
    1.1500000000000003e-01    6.2118235086224158e+03    1.1364784173920596e+02
    1.2000000000000004e-01    6.2704119420335410e+03    1.1502505300244366e+02
    1.2500000000000003e-01    6.3295097891239784e+03    1.1648634501211711e+02
    1.3000000000000003e-01    6.3891183797099511e+03    1.1803504237204594e+02
    1.3500000000000004e-01    6.4492388642137048e+03    1.1967468884013445e+02
    1.4000000000000004e-01    6.5098721995841897e+03    1.2140906094143250e+02
    1.4500000000000005e-01    6.5710191342270300e+03    1.2324218260036342e+02
    1.5000000000000005e-01    6.6326801918692463e+03    1.2517834087045415e+02
    1.5500000000000005e-01    6.6948556542782262e+03    1.2722210284635662e+02
    1.6000000000000006e-01    6.7575455427480583e+03    1.2937833384993976e+02
    1.6500000000000006e-01    6.8207495982593600e+03    1.3165221698980108e+02
    1.7000000000000007e-01    6.8844672602112378e+03    1.3404927420174241e+02
    1.7500000000000007e-01    6.9486976436158657e+03    1.3657538888662503e+02
    1.8000000000000008e-01    7.0134395146373627e+03    1.3923683027161789e+02
    1.8500000000000008e-01    7.0786912643471369e+03    1.4204027963123519e+02
    1.9000000000000009e-01    7.1444508805575533e+03    1.4499285851578392e+02
    1.9500000000000009e-01    7.2107159175846409e+03    1.4810215914697122e+02
    2.0000000000000009e-01    7.2774834637785389e+03    1.5137627715351985e+02
    2.0500000000000010e-01    7.3447501066473587e+03    1.5482384683377484e+02
    2.1000000000000010e-01    7.4125118953861129e+03    1.5845407914752531e+02
    2.1500000000000011e-01    7.4807643006072067e+03    1.6227680265568387e+02
    2.2000000000000011e-01    7.5495021710526626e+03    1.6630250764413287e+02
    2.2500000000000012e-01    7.6187196870506350e+03    1.7054239368703506e+02
    2.3000000000000012e-01    7.6884103104598407e+03    1.7500842092528484e+02
    2.3500000000000013e-01    7.7585667308251432e+03    1.7971336535761316e+02
    2.4000000000000013e-01    7.8291808074456540e+03    1.8467087846521451e+02
    2.4500000000000013e-01    7.9002435070332403e+03    1.8989555151569365e+02
    2.5000000000000011e-01    7.9717448366141907e+03    1.9540298491867253e+02
    2.5500000000000012e-01    8.0436737712999102e+03    2.0120986303358319e+02
    2.6000000000000012e-01    8.1160181765238585e+03    2.0733403486000483e+02
    2.6500000000000012e-01    8.1887647243114179e+03    2.1379460107236289e+02
    2.7000000000000013e-01    8.2618988031169847e+03    2.2061200789384071e+02
    2.7500000000000013e-01    8.3354044207282986e+03    2.2780814833886225e+02
    2.8000000000000014e-01    8.4092640997018734e+03    2.3540647138933593e+02
    2.8500000000000014e-01    8.4834587647554326e+03    2.4343209970678754e+02
    2.9000000000000015e-01    8.5579676215035852e+03    2.5191195652025181e+02
    2.9500000000000015e-01    8.6327680258817709e+03    2.6087490236793855e+02
    3.0000000000000016e-01    8.7078353435610043e+03    2.7035188240871133e+02
    3.0500000000000016e-01    8.7831427986124309e+03    2.8037608505664400e+02
    3.1000000000000016e-01    8.8586613106367131e+03    2.9098311272749589e+02
    3.1500000000000017e-01    8.9343593195292415e+03    3.0221116551879817e+02
    3.2000000000000017e-01    9.0102025970089398e+03    3.1410123867404496e+02
    3.2500000000000018e-01    9.0861540439969067e+03    3.2669733470458874e+02
    3.3000000000000018e-01    9.1621734728924293e+03    3.4004669105825042e+02
    3.3500000000000019e-01    9.2382173737595604e+03    3.5420002422892537e+02
    3.4000000000000019e-01    9.3142386634090672e+03    3.6921179119365627e+02
    3.4500000000000020e-01    9.3901864163405462e+03    3.8514046903919814e+02
    3.5000000000000020e-01    9.4660055765001780e+03    4.0204885359478726e+02
    3.5500000000000020e-01    9.5416366488144104e+03    4.2000437781658547e+02
    3.6000000000000021e-01    9.6170153694823675e+03    4.3907945056612846e+02
    3.6500000000000021e-01    9.6920723540545987e+03    4.5935181628300535e+02
    3.7000000000000022e-01    9.7667327223982375e+03    4.8090493586266791e+02
    3.7500000000000022e-01    9.8409156997549562e+03    5.0382838880406194e+02
    3.8000000000000023e-01    9.9145341932456849e+03    5.2821829637750022e+02
    3.8500000000000023e-01    9.9874943433734788e+03    5.5417776516795232e+02
    3.9000000000000024e-01    1.0059695050333023e+04    5.8181734985793753e+02
    3.9500000000000024e-01    1.0131027475263534e+04    6.1125553351067833e+02
    4.0000000000000024e-01    1.0201374516994152e+04    6.4261922287917992e+02
    4.0500000000000025e-01    1.0270610265342042e+04    6.7604425537932343e+02
    4.1000000000000025e-01    1.0338599432649840e+04    7.1167591330160121e+02
    4.1500000000000026e-01    1.0405196766008887e+04    7.4966943957142610e+02
    4.2000000000000026e-01    1.0470246443527954e+04    7.9019054787489779e+02
    4.2500000000000027e-01    1.0533581459095250e+04    8.3341591821711847e+02
    4.3000000000000027e-01    1.0595023001366970e+04    8.7953366694472936e+02
    4.3500000000000028e-01    1.0654379834221860e+04    9.2874377791505333e+02
    4.4000000000000028e-01    1.0711447687671192e+04    9.8125847880507240e+02
    4.4500000000000028e-01    1.0766008670228883e+04    1.0373025435028621e+03
    4.5000000000000029e-01    1.0817830716046161e+04    1.0971134980977420e+03
    4.5500000000000029e-01    1.0866667082713069e+04    1.1609417041799609e+03
    4.6000000000000030e-01    1.0912255918531395e+04    1.2290502889885747e+03
    4.6500000000000030e-01    1.0954319921265767e+04    1.3017148874410288e+03
    4.7000000000000031e-01    1.0992566113861907e+04    1.3792231563020123e+03
    4.7500000000000031e-01    1.1026685766343431e+04    1.4618740158011033e+03
    4.8000000000000032e-01    1.1056354496995758e+04    1.5499765690332615e+03
    4.8500000000000032e-01    1.1081232589919371e+04    1.6438486446742882e+03
    4.9000000000000032e-01    1.1100965569947268e+04    1.7438149041831689e+03
    4.9500000000000033e-01    1.1115185079588249e+04    1.8502044510909930e+03
    5.0000000000000033e-01    1.1123510105839359e+04    1.9633478776259869e+03
    5.0500000000000034e-01    1.1125548607107497e+04    2.0835736833251967e+03
    5.1000000000000034e-01    1.1120899591726949e+04    2.2112040020621816e+03
    5.1500000000000035e-01    1.1109155699225428e+04    2.3465495787966556e+03
    5.2000000000000035e-01    1.1089906333083663e+04    2.4899039461248617e+03
    5.2500000000000036e-01    1.1062741388709999e+04    2.6415367642276196e+03
    5.3000000000000036e-01    1.1027255612139999e+04    2.8016863069304386e+03
    5.3500000000000036e-01    1.0983053613003627e+04    2.9705511020994613e+03
    5.4000000000000037e-01    1.0929755539061036e+04    3.1482807671397422e+03
    5.4500000000000037e-01    1.0867003398685822e+04    3.3349661203144042e+03
    5.5000000000000038e-01    1.0794467991852885e+04    3.5306286959382710e+03
    5.5500000000000038e-01    1.0711856379524299e+04    3.7352098456355870e+03
    5.6000000000000039e-01    1.0618919786250375e+04    3.9485596674921430e+03
    5.6500000000000039e-01    1.0515461792211267e+04    4.1704260679207609e+03
    5.7000000000000040e-01    1.0401346630261067e+04    4.4004443242693496e+03
    5.7500000000000040e-01    1.0276507362844226e+04    4.6381275754947865e+03
    5.8000000000000040e-01    1.0140953675575753e+04    4.8828587185138776e+03
    5.8500000000000041e-01    9.9947789919873576e+03    5.1338842232764882e+03
    5.9000000000000041e-01    9.8381665909967360e+03    5.3903103939336561e+03
    5.9500000000000042e-01    9.6713943987432012e+03    5.6511025905639790e+03
    6.0000000000000042e-01    9.4948381330251141e+03    5.9150878804468166e+03
    6.0500000000000043e-01    9.3089725045180603e+03    6.1809615060990873e+03
    6.1000000000000043e-01    9.1143702260044356e+03    6.4472974379117422e+03
    6.1500000000000044e-01    8.9116986492329925e+03    6.7125631240791299e+03
    6.2000000000000044e-01    8.7017139370965870e+03    6.9751383651326450e+03
    6.2500000000000044e-01    8.4852527828422935e+03    7.2333380341265311e+03
    6.3000000000000045e-01    8.2632218022541601e+03    7.4854381492533157e+03
    6.3500000000000045e-01    8.0365848417050265e+03    7.7297045989340004e+03
    6.4000000000000046e-01    7.8063485560688241e+03    7.9644236370938070e+03
    6.4500000000000046e-01    7.5735467068327744e+03    8.1879331248325934e+03
    6.5000000000000047e-01    7.3392237041343878e+03    8.3986534081243917e+03
    6.5500000000000047e-01    7.1044179602971535e+03    8.5951166994753276e+03
    6.6000000000000048e-01    6.8701456326471125e+03    8.7759938790075867e+03
    6.6500000000000048e-01    6.6373853088735750e+03    8.9401177452572247e+03
    6.7000000000000048e-01    6.4070641310524597e+03    9.0865019198140653e+03
    6.7500000000000049e-01    6.1800457697270840e+03    9.2143548290951621e+03
    6.8000000000000049e-01    5.9571205545127850e+03    9.3230884334635430e+03
    6.8500000000000050e-01    5.7389979513652825e+03    9.4123216291756271e+03
    6.9000000000000050e-01    5.5263014581417847e+03    9.4818784931911468e+03
    6.9500000000000051e-01    5.3195658780089752e+03    9.5317817579600433e+03
    7.0000000000000051e-01    5.1192368318077015e+03    9.5622420800247673e+03
    7.0500000000000052e-01    4.9256722908721567e+03    9.5736437945307716e+03
    7.1000000000000052e-01    4.7391458539738760e+03    9.5665279244182366e+03
    7.1500000000000052e-01    4.5598514567639550e+03    9.5415732396966450e+03
    7.2000000000000053e-01    4.3879091881473405e+03    9.4995761440803199e+03
    7.2500000000000053e-01    4.2233718927982372e+03    9.4414301113374568e+03
    7.3000000000000054e-01    4.0662322589260120e+03    9.3681053113709986e+03
    7.3500000000000054e-01    3.9164301214047077e+03    9.2806289660235780e+03
    7.4000000000000055e-01    3.7738597484781758e+03    9.1800668660035572e+03
    7.4500000000000055e-01    3.6383769217932127e+03    9.0675063710428694e+03
    7.5000000000000056e-01    3.5098056614180682e+03    8.9440411116768792e+03
    7.5500000000000056e-01    3.3879444873836514e+03    8.8107575173902296e+03
    7.6000000000000056e-01    3.2725721454539066e+03    8.6687232151278804e+03
    7.6500000000000057e-01    3.1634527562560602e+03    8.5189772756762577e+03
    7.7000000000000057e-01    3.0603403731025169e+03    8.3625222333246529e+03
    7.7500000000000058e-01    2.9629829547754875e+03    8.2003177657745291e+03
    7.8000000000000058e-01    2.8711257755045799e+03    8.0332758951231281e+03
    7.8500000000000059e-01    2.7845143058384874e+03    7.8622575552092476e+03
    7.9000000000000059e-01    2.7028966057035377e+03    7.6880703638354544e+03
    7.9500000000000060e-01    2.6260252753064692e+03    7.5114674385518902e+03
    8.0000000000000060e-01    2.5536590113181401e+03    7.3331471001070840e+03
    8.0500000000000060e-01    2.4855638155637716e+03    7.1537533168368291e+03
    8.1000000000000061e-01    2.4215139017704146e+03    6.9738767548929773e+03
    8.1500000000000061e-01    2.3612923432320845e+03    6.7940563122603971e+03
    8.2000000000000062e-01    2.3046915009162649e+03    6.6147810281436577e+03
    8.2500000000000062e-01    2.2515132678455034e+03    6.4364922728963229e+03
    8.3000000000000063e-01    2.2015691617699026e+03    6.2595861367596181e+03
    8.3500000000000063e-01    2.1546802943669400e+03    6.0844159479629607e+03
    8.4000000000000064e-01    2.1106772415815708e+03    5.9112948620228899e+03
    8.4500000000000064e-01    2.0693998363296378e+03    5.7404984742572433e+03
    8.5000000000000064e-01    2.0306969016775417e+03    5.5722674165751660e+03
    8.5500000000000065e-01    1.9944259398035276e+03    5.4068099075279870e+03
    8.6000000000000065e-01    1.9604527895457602e+03    5.2443042314631930e+03
    8.6500000000000066e-01    1.9286512631422245e+03    5.0849011284880198e+03
    8.7000000000000066e-01    1.8989027708515880e+03    4.9287260819077364e+03
    8.7500000000000067e-01    1.8710959404915884e+03    4.7758814939493805e+03
    8.8000000000000067e-01    1.8451262375185163e+03    4.6264487440078874e+03
    8.8500000000000068e-01    1.8208955900731837e+03    4.4804901264485288e+03
    8.9000000000000068e-01    1.7983120224108327e+03    4.3380506672522679e+03
    8.9500000000000068e-01    1.7772892992912057e+03    4.1991598205771252e+03
    9.0000000000000069e-01    1.7577465832084913e+03    4.0638330476995220e+03
    9.0500000000000069e-01    1.7396081057689582e+03    3.9320732818577817e+03
    9.1000000000000070e-01    1.7228028540586611e+03    3.8038722833008660e+03
    9.1500000000000070e-01    1.7072642724685209e+03    3.6792118893972765e+03
    9.2000000000000071e-01    1.6929299801451591e+03    3.5580651650235063e+03
    9.2500000000000071e-01    1.6797415040007186e+03    3.4403974586641152e+03
    9.3000000000000071e-01    1.6676440270328421e+03    3.3261673697466767e+03
    9.3500000000000072e-01    1.6565861515678225e+03    3.2153276327300387e+03
    9.4000000000000072e-01    1.6465196769378310e+03    3.1078259233848762e+03
    9.4500000000000073e-01    1.6373993910304559e+03    3.0036055925691394e+03
    9.5000000000000073e-01    1.6291828750999186e+03    2.9026063326223662e+03
    9.5500000000000074e-01    1.6218303211995931e+03    2.8047647812938972e+03
    9.6000000000000074e-01    1.6153043615809131e+03    2.7100150678905543e+03
    9.6500000000000075e-01    1.6095699094011543e+03    2.6182893060871625e+03
    9.7000000000000075e-01    1.6045940100892421e+03    2.5295180375946516e+03
    9.7500000000000075e-01    1.6003457027324491e+03    2.4436306306302895e+03
    9.8000000000000076e-01    1.5967958908658009e+03    2.3605556368867205e+03
    9.8500000000000076e-01    1.5939172220687549e+03    2.2802211104537928e+03
    9.9000000000000077e-01    1.5916839757990572e+03    2.2025548919118737e+03
    9.9500000000000077e-01    1.5900719589206781e+03    2.1274848605890197e+03
    1.0000000000000007e+00    1.5890584084106306e+03    2.0549391577580773e+03
    1.0050000000000006e+00    1.5886219007576983e+03    1.9848463833442506e+03
    1.0100000000000005e+00    1.5887422675941734e+03    1.9171357685192420e+03
    1.0150000000000003e+00    1.5894005171292993e+03    1.8517373263749114e+03
    1.0200000000000002e+00    1.5905787609799527e+03    1.7885819826974450e+03
    1.0250000000000001e+00    1.5922601460200024e+03    1.7276016887020724e+03
    1.0300000000000000e+00    1.5944287908946167e+03    1.6687295174381404e+03
    1.0349999999999999e+00    1.5970697268694676e+03    1.6118997454344239e+03
    1.0399999999999998e+00    1.6001688427072527e+03    1.5570479210245219e+03
    1.0449999999999997e+00    1.6037128332851976e+03    1.5041109206715512e+03
    1.0499999999999996e+00    1.6076891516872226e+03    1.4530269944996273e+03
    1.0549999999999995e+00    1.6120859645232663e+03    1.4037358021363034e+03
    1.0599999999999994e+00    1.6168921102458853e+03    1.3561784398747157e+03
    1.0649999999999993e+00    1.6220970602507491e+03    1.3102974600761700e+03
    1.0699999999999992e+00    1.6276908825630387e+03    1.2660368836527973e+03
    1.0749999999999991e+00    1.6336642079261183e+03    1.2233422063952592e+03
    1.0799999999999990e+00    1.6400081981222129e+03    1.1821603998418293e+03
    1.0849999999999989e+00    1.6467145163672549e+03    1.1424399073220982e+03
    1.0899999999999987e+00    1.6537752996336046e+03    1.1041306357506389e+03
    1.0949999999999986e+00    1.6611831327650748e+03    1.0671839436928385e+03
    1.0999999999999985e+00    1.6689310242586243e+03    1.0315526261763991e+03
    1.1049999999999984e+00    1.6770123835963043e+03    9.9719089667739172e+02
    1.1099999999999983e+00    1.6854210000195799e+03    9.6405436666889705e+02
    1.1149999999999982e+00    1.6941510226460539e+03    9.3210002308289552e+02
    1.1199999999999981e+00    1.7031969418359429e+03    9.0128620400189368e+02
    1.1249999999999980e+00    1.7125535717224275e+03    8.7157257286554852e+02
    1.1299999999999979e+00    1.7222160338262709e+03    8.4292009144903307e+02
    1.1349999999999978e+00    1.7321797416808945e+03    8.1529099184385973e+02
    1.1399999999999977e+00    1.7424403863994692e+03    7.8864874764813533e+02
    1.1449999999999976e+00    1.7529939231205365e+03    7.6295804455158327e+02
    1.1499999999999975e+00    1.7638365582732677e+03    7.3818475048095263e+02
    1.1549999999999974e+00    1.7749647376077096e+03    7.1429588545348633e+02
    1.1599999999999973e+00    1.7863751349392955e+03    6.9125959126979410e+02
    1.1649999999999971e+00    1.7980646415605252e+03    6.6904510116263100e+02
    1.1699999999999970e+00    1.8100303562760814e+03    6.4762270950459754e+02
    1.1749999999999969e+00    1.8222695760207569e+03    6.2696374166553858e+02
    1.1799999999999968e+00    1.8347797870224381e+03    6.0704052409931410e+02
    1.1849999999999967e+00    1.8475586564750579e+03    5.8782635472955769e+02
    1.1899999999999966e+00    1.8606040246888847e+03    5.6929547369492752e+02
    1.1949999999999965e+00    1.8739138976878039e+03    5.5142303450612064e+02
    1.1999999999999964e+00    1.8874864402253509e+03    5.3418507565947664e+02
    1.2049999999999963e+00    1.9013199691932143e+03    5.1755849274528293e+02
    1.2099999999999962e+00    1.9154129473977357e+03    5.0152101108284029e+02
    1.2149999999999961e+00    1.9297639776816127e+03    4.8605115890889903e+02
    1.2199999999999960e+00    1.9443717973695648e+03    4.7112824114118200e+02
    1.2249999999999959e+00    1.9592352730181642e+03    4.5673231373431531e+02
    1.2299999999999958e+00    1.9743533954513684e+03    4.4284415864155426e+02
    1.2349999999999957e+00    1.9897252750645334e+03    4.2944525939217414e+02
    1.2399999999999956e+00    2.0053501373808324e+03    4.1651777729125797e+02
    1.2449999999999954e+00    2.0212273188450779e+03    4.0404452824582091e+02
    1.2499999999999953e+00    2.0373562628409270e+03    3.9200896021873314e+02
    1.2549999999999952e+00    2.0537365159183792e+03    3.8039513130971045e+02
    1.2599999999999951e+00    2.0703677242193212e+03    3.6918768846070810e+02
    1.2649999999999950e+00    2.0872496300896732e+03    3.5837184678135458e+02
    1.2699999999999949e+00    2.1043820688674255e+03    3.4793336948857620e+02
    1.2749999999999948e+00    2.1217649658365376e+03    3.3785854845327123e+02
    1.2799999999999947e+00    2.1393983333373203e+03    3.2813418534577306e+02
    1.2849999999999946e+00    2.1572822680244949e+03    3.1874757337088187e+02
    1.2899999999999945e+00    2.1754169482646957e+03    3.0968647958242616e+02
    1.2949999999999944e+00    2.1938026316656824e+03    3.0093912776662523e+02
    1.2999999999999943e+00    2.2124396527300114e+03    2.9249418188294993e+02
    1.3049999999999942e+00    2.2313284206263584e+03    2.8434073005070906e+02
    1.3099999999999941e+00    2.2504694170721032e+03    2.7646826906921154e+02
    1.3149999999999940e+00    2.2698631943211685e+03    2.6886668945906217e+02
    1.3199999999999938e+00    2.2895103732514699e+03    2.6152626101193010e+02
    1.3249999999999937e+00    2.3094116415466624e+03    2.5443761883597844e+02
    1.3299999999999936e+00    2.3295677519671931e+03    2.4759174988405172e+02
    1.3349999999999935e+00    2.3499795207059501e+03    2.4097997995167927e+02
    1.3399999999999934e+00    2.3706478258240768e+03    2.3459396113196107e+02
    1.3449999999999933e+00    2.3915736057627728e+03    2.2842565971445242e+02
    1.3499999999999932e+00    2.4127578579271403e+03    2.2246734451525012e+02
    1.3549999999999931e+00    2.4342016373383549e+03    2.1671157562560114e+02
    1.3599999999999930e+00    2.4559060553506483e+03    2.1115119356650121e+02
    1.3649999999999929e+00    2.4778722784297825e+03    2.0577930883692102e+02
    1.3699999999999928e+00    2.5001015269898730e+03    2.0058929184348943e+02
    1.3749999999999927e+00    2.5225950742855930e+03    1.9557476319967222e+02
    1.3799999999999926e+00    2.5453542453569385e+03    1.9072958438270925e+02
    1.3849999999999925e+00    2.5683804160238892e+03    1.8604784873681072e+02
    1.3899999999999924e+00    2.5916750119284329e+03    1.8152387281136018e+02
    1.3949999999999922e+00    2.6152395076215489e+03    1.7715218802312893e+02
    1.3999999999999921e+00    2.6390754256928658e+03    1.7292753263176937e+02
    1.4049999999999920e+00    2.6631843359408235e+03    1.6884484401812293e+02
    1.4099999999999919e+00    2.6875678545812648e+03    1.6489925125515114e+02
    1.4149999999999918e+00    2.7122276434924879e+03    1.6108606796157221e+02
    1.4199999999999917e+00    2.7371654094948785e+03    1.5740078542856247e+02
    1.4249999999999916e+00    2.7623829036633156e+03    1.5383906601015821e+02
    1.4299999999999915e+00    2.7878819206706389e+03    1.5039673676827022e+02
    1.4349999999999914e+00    2.8136642981605246e+03    1.4706978336349792e+02
    1.4399999999999913e+00    2.8397319161481896e+03    1.4385434418320378e+02
    1.4449999999999912e+00    2.8660866964474035e+03    1.4074670469857969e+02
    1.4499999999999911e+00    2.8927306021223503e+03    1.3774329204270481e+02
    1.4549999999999910e+00    2.9196656369629286e+03    1.3484066980185966e+02
    1.4599999999999909e+00    2.9468938449821303e+03    1.3203553301262221e+02
    1.4649999999999908e+00    2.9744173099341824e+03    1.2932470335752942e+02
    1.4699999999999906e+00    3.0022381548521807e+03    1.2670512455234034e+02
    1.4749999999999905e+00    3.0303585416039709e+03    1.2417385791818666e+02
    1.4799999999999904e+00    3.0587806704650793e+03    1.2172807813214027e+02
    1.4849999999999903e+00    3.0875067797075130e+03    1.1936506914996779e+02
    1.4899999999999902e+00    3.1165391452032841e+03    1.1708222029507722e+02
    1.4949999999999901e+00    3.1458800800415324e+03    1.1487702250789259e+02
    1.4999999999999900e+00    3.1755319341581376e+03    1.1274706475011858e+02
    1.5049999999999899e+00    3.2054970939767359e+03    1.1069003055857863e+02
    1.5099999999999898e+00    3.2357779820600645e+03    1.0870369474352690e+02
    1.5149999999999897e+00    3.2663770567705665e+03    1.0678592022654738e+02
    1.5199999999999896e+00    3.2972968119392017e+03    1.0493465501336127e+02
    1.5249999999999895e+00    3.3285397765414064e+03    1.0314792929706816e+02
    1.5299999999999894e+00    3.3601085143791547e+03    1.0142385268754647e+02
    1.5349999999999893e+00    3.3920056237680633e+03    9.9760611562934770e+01
    1.5399999999999892e+00    3.4242337372284837e+03    9.8156466539308198e+01
    1.5449999999999890e+00    3.4567955211795133e+03    9.6609750054853166e+01
    1.5499999999999889e+00    3.4896936756348491e+03    9.5118864065029399e+01
    1.5549999999999888e+00    3.5229309338993912e+03    9.3682277845390971e+01
    1.5599999999999887e+00    3.5565100622654868e+03    9.2298525898918271e+01
    1.5649999999999886e+00    3.5904338597076826e+03    9.0966205964890108e+01
    1.5699999999999885e+00    3.6247051575748319e+03    8.9683977126500452e+01
    1.5749999999999884e+00    3.6593268192783689e+03    8.8450558014597917e+01
    1.5799999999999883e+00    3.6943017399755377e+03    8.7264725105097583e+01
    1.5849999999999882e+00    3.7296328462463216e+03    8.6125311107785194e+01
    1.5899999999999881e+00    3.7653230957627811e+03    8.5031203444403729e+01
    1.5949999999999880e+00    3.8013754769494603e+03    8.3981342814080719e+01
    1.5999999999999879e+00    3.8377930086334813e+03    8.2974721844324009e+01
    1.6049999999999878e+00    3.8745787396828787e+03    8.2010383825982359e+01
    1.6099999999999877e+00    3.9117357486316805e+03    8.1087421530737075e+01
    1.6149999999999876e+00    3.9492671432901666e+03    8.0204976109861732e+01
    1.6199999999999875e+00    3.9871760603386729e+03    7.9362236073159139e+01
    1.6249999999999873e+00    4.0254656649032304e+03    7.8558436347159642e+01
    1.6299999999999872e+00    4.0641391501112430e+03    7.7792857411841425e+01
    1.6349999999999871e+00    4.1031997366253227e+03    7.7064824515314214e+01
    1.6399999999999870e+00    4.1426506721533042e+03    7.6373706966091646e+01
    1.6449999999999869e+00    4.1824952309323480e+03    7.5718917502766260e+01
    1.6499999999999868e+00    4.2227367131849378e+03    7.5099911741094743e+01
    1.6549999999999867e+00    4.2633784445444571e+03    7.4516187698700705e+01
    1.6599999999999866e+00    4.3044237754478800e+03    7.3967285397808368e+01
    1.6649999999999865e+00    4.3458760804930007e+03    7.3452786546634599e+01
    1.6699999999999864e+00    4.3877387577574382e+03    7.2972314300288645e+01
    1.6749999999999863e+00    4.4300152280765196e+03    7.2525533102260553e+01
    1.6799999999999862e+00    4.4727089342769477e+03    7.2112148607821339e+01
    1.6849999999999861e+00    4.5158233403629765e+03    7.1731907690911370e+01
    1.6899999999999860e+00    4.5593619306516093e+03    7.1384598536359604e+01
    1.6949999999999859e+00    4.6033282088531178e+03    7.1070050819556883e+01
    1.6999999999999857e+00    4.6477256970929375e+03    7.0788135976001954e+01
    1.7049999999999856e+00    4.6925579348707424e+03    7.0538767563451586e+01
    1.7099999999999855e+00    4.7378284779522201e+03    7.0321901719737781e+01
    1.7149999999999854e+00    4.7835408971887846e+03    7.0137537719666199e+01
    1.7199999999999853e+00    4.8296987772601215e+03    6.9985718634784334e+01
    1.7249999999999852e+00    4.8763057153341424e+03    6.9866532100206001e+01
    1.7299999999999851e+00    4.9233653196385294e+03    6.9780111193103806e+01
    1.7349999999999850e+00    4.9708812079376712e+03    6.9726635427935094e+01
    1.7399999999999849e+00    5.0188570059083404e+03    6.9706331873952777e+01
    1.7449999999999848e+00    5.0672963454070150e+03    6.9719476401072740e+01
    1.7499999999999847e+00    5.1162028626212314e+03    6.9766395060727575e+01
    1.7549999999999846e+00    5.1655801960968211e+03    6.9847465608935778e+01
    1.7599999999999845e+00    5.2154319846323042e+03    6.9963119179459710e+01
    1.7649999999999844e+00    5.2657618650310615e+03    7.0113842115618681e+01
    1.7699999999999843e+00    5.3165734697012558e+03    7.0300177970070081e+01
    1.7749999999999841e+00    5.3678704240927136e+03    7.0522729682676086e+01
    1.7799999999999840e+00    5.4196563439591910e+03    7.0782161947441509e+01
    1.7849999999999839e+00    5.4719348324335951e+03    7.1079203780445411e+01
    1.7899999999999838e+00    5.5247094769027917e+03    7.1414651301701795e+01
    1.7949999999999837e+00    5.5779838456676389e+03    7.1789370744978910e+01
    1.7999999999999836e+00    5.6317614843727843e+03    7.2204301710791341e+01
    1.8049999999999835e+00    5.6860459121896074e+03    7.2660460679060435e+01
    1.8099999999999834e+00    5.7408406177343932e+03    7.3158944799327273e+01
    1.8149999999999833e+00    5.7961490547024641e+03    7.3700935977906568e+01
    1.8199999999999832e+00    5.8519746371974934e+03    7.4287705283001543e+01
    1.8249999999999831e+00    5.9083207347336092e+03    7.4920617690568733e+01
    1.8299999999999830e+00    5.9651906668861438e+03    7.5601137195642664e+01
    1.8349999999999829e+00    6.0225876975649780e+03    7.6330832315914790e+01
    1.8399999999999828e+00    6.0805150288823743e+03    7.7111382016626294e+01
    1.8449999999999827e+00    6.1389757945849478e+03    7.7944582088294837e+01
    1.8499999999999825e+00    6.1979730530170018e+03    7.8832352011470917e+01
    1.8549999999999824e+00    6.2575097795798065e+03    7.9776742345627838e+01
    1.8599999999999823e+00    6.3175888586485507e+03    8.0779942682454291e+01
    1.8649999999999822e+00    6.3782130749055714e+03    8.1844290207260997e+01
    1.8699999999999821e+00    6.4393851040450954e+03    8.2972278915961127e+01
    1.8749999999999820e+00    6.5011075028010455e+03    8.4166569539164215e+01
    1.8799999999999819e+00    6.5633826982454757e+03    8.5430000229366868e+01
    1.8849999999999818e+00    6.6262129763008479e+03    8.6765598072063852e+01
    1.8899999999999817e+00    6.6896004694046487e+03    8.8176591486876788e+01
    1.8949999999999816e+00    6.7535471432596896e+03    8.9666423590544085e+01
    1.8999999999999815e+00    6.8180547825978556e+03    9.1238766599879199e+01
    1.9049999999999814e+00    6.8831249758789609e+03    9.2897537359631599e+01
    1.9099999999999813e+00    6.9487590988397615e+03    9.4646914087627309e+01
    1.9149999999999812e+00    7.0149582968009418e+03    9.6491354437680997e+01
    1.9199999999999811e+00    7.0817234656320406e+03    9.8435614989618657e+01
    1.9249999999999809e+00    7.1490552312657319e+03    1.0048477228539676e+02
    1.9299999999999808e+00    7.2169539276435416e+03    1.0264424554082153e+02
    1.9349999999999807e+00    7.2854195729649482e+03    1.0491982117383886e+02
    1.9399999999999806e+00    7.3544518441007385e+03    1.0731767930286559e+02
    1.9449999999999805e+00    7.4240500490194781e+03    1.0984442238225802e+02
    1.9499999999999804e+00    7.4942130970628150e+03    1.1250710615686030e+02
    1.9549999999999803e+00    7.5649394668910763e+03    1.1531327313375108e+02
    1.9599999999999802e+00    7.6362271719050577e+03    1.1827098878692257e+02
    1.9649999999999801e+00    7.7080737229329943e+03    1.2138888072980421e+02
    1.9699999999999800e+00    7.7804760879532760e+03    1.2467618111141051e+02
    1.9749999999999799e+00    7.8534306486034357e+03    1.2814277251458660e+02
    1.9799999999999798e+00    7.9269331532041542e+03    1.3179923765948800e+02
    1.9849999999999797e+00    8.0009786660033460e+03    1.3565691324221388e+02
    1.9899999999999796e+00    8.0755615123196458e+03    1.3972794826757138e+02
    1.9949999999999795e+00    8.1506752192367176e+03    1.4402536726644271e+02
    1.9999999999999793e+00    8.2263124514694846e+03    1.4856313882232121e+02
    2.0049999999999795e+00    8.3024649419905618e+03    1.5335624986843965e+02
    2.0099999999999794e+00    8.3791234169696272e+03    1.5842078625669632e+02
    2.0149999999999793e+00    8.4562775145400319e+03    1.6377402014244373e+02
    2.0199999999999791e+00    8.5339156968654497e+03    1.6943450477528529e+02
    2.0249999999999790e+00    8.6120251549346413e+03    1.7542217733544533e+02
    2.0299999999999789e+00    8.6905917054642559e+03    1.8175847050813567e+02
    2.0349999999999788e+00    8.7695996792379192e+03    1.8846643354468762e+02
    2.0399999999999787e+00    8.8490318001544947e+03    1.9557086361905931e+02
    2.0449999999999786e+00    8.9288690541992964e+03    2.0309844835159367e+02
    2.0499999999999785e+00    9.0090905474890769e+03    2.1107792043843838e+02
    2.0549999999999784e+00    9.0896733524749397e+03    2.1954022539457233e+02
    2.0599999999999783e+00    9.1705923413168621e+03    2.2851870349049759e+02
    2.0649999999999782e+00    9.2518200053696419e+03    2.3804928703674886e+02
    2.0699999999999781e+00    9.3333262596429850e+03    2.4817071424561715e+02
    2.0749999999999780e+00    9.4150782310187005e+03    2.5892476097476606e+02
    2.0799999999999779e+00    9.4970400289262616e+03    2.7035649173128019e+02
    2.0849999999999778e+00    9.5791724970952637e+03    2.8251453138523658e+02
    2.0899999999999777e+00    9.6614329449208399e+03    2.9545135910672690e+02
    2.0949999999999775e+00    9.7437748568975712e+03    3.0922362609634422e+02
    2.0999999999999774e+00    9.8261475785009661e+03    3.2389249872268954e+02
    2.1049999999999773e+00    9.9084959768258832e+03    3.3952402870674086e+02
    2.1099999999999772e+00    9.9907600742317591e+03    3.5618955199616840e+02
    2.1149999999999771e+00    1.0072874653199367e+04    3.7396611794577814e+02
    2.1199999999999770e+00    1.0154768830578305e+04    3.9293695035460314e+02
    2.1249999999999769e+00    1.0236365599404871e+04    4.1319194179530717e+02
    2.1299999999999768e+00    1.0317581336504196e+04    4.3482818249498962e+02
    2.1349999999999767e+00    1.0398325274167755e+04    4.5795052477320360e+02
    2.1399999999999766e+00    1.0478498934329094e+04    4.8267218369521930e+02
    2.1449999999999765e+00    1.0557995523859981e+04    5.0911537413526486e+02
    2.1499999999999764e+00    1.0636699289892340e+04    5.3741198384098584e+02
    2.1549999999999763e+00    1.0714484834456758e+04    5.6770428131794699e+02
    2.1599999999999762e+00    1.0791216388238139e+04    6.0014565637842281e+02
    2.1649999999999761e+00    1.0866747043908317e+04    6.3490138998390944e+02
    2.1699999999999759e+00    1.0940917950333496e+04    6.7214944851252324e+02
    2.1749999999999758e+00    1.1013557470004143e+04    7.1208129575227133e+02
    2.1799999999999757e+00    1.1084480303333772e+04    7.5490271370548430e+02
    2.1849999999999756e+00    1.1153486585062101e+04    8.0083462063022660e+02
    2.1899999999999755e+00    1.1220360959922460e+04    8.5011387157924059e+02
    2.1949999999999754e+00    1.1284871647040904e+04    9.0299402296184098e+02
    2.1999999999999753e+00    1.1346769505275464e+04    9.5974603828544377e+02
    2.2049999999999752e+00    1.1405787114928087e+04    1.0206589071714337e+03
    2.2099999999999751e+00    1.1461637895016605e+04    1.0860401439343873e+03
    2.2149999999999750e+00    1.1514015279620633e+04    1.1562161254299444e+03
    2.2199999999999749e+00    1.1562591981743119e+04    1.2315322205058887e+03
    2.2249999999999748e+00    1.1607019378670151e+04    1.3123526552613912e+03
    2.2299999999999747e+00    1.1646927058950512e+04    1.3990600495110036e+03
    2.2349999999999746e+00    1.1681922577801286e+04    1.4920545505129169e+03
    2.2399999999999745e+00    1.1711591474874558e+04    1.5917524803967510e+03
    2.2449999999999743e+00    1.1735497615725679e+04    1.6985844041721637e+03
    2.2499999999999742e+00    1.1753183925756579e+04    1.8129925162162681e+03
    2.2549999999999741e+00    1.1764173592518595e+04    1.9354272353965548e+03
    2.2599999999999740e+00    1.1767971818579314e+04    2.0663428933556611e+03
    2.2649999999999739e+00    1.1764068212082451e+04    2.2061923980531888e+03
    2.2699999999999738e+00    1.1751939904904899e+04    2.3554207567472840e+03
    2.2749999999999737e+00    1.1731055488033649e+04    2.5144573507505170e+03
    2.2799999999999736e+00    1.1700879849394243e+04    2.6837068702524753e+03
    2.2849999999999735e+00    1.1660879989689096e+04    2.8635388431380325e+03
    2.2899999999999734e+00    1.1610531875607758e+04    3.0542757289375882e+03
    2.2949999999999733e+00    1.1549328365825211e+04    3.2561795995679586e+03
    2.2999999999999732e+00    1.1476788212415906e+04    3.4694374937246766e+03
    2.3049999999999731e+00    1.1392466097881599e+04    3.6941456123553744e+03
    2.3099999999999730e+00    1.1295963615613431e+04    3.9302926182315723e+03
    2.3149999999999729e+00    1.1186941039698277e+04    4.1777424114625728e+03
    2.3199999999999728e+00    1.1065129659914866e+04    4.4362168712502316e+03
    2.3249999999999726e+00    1.0930344382114587e+04    4.7052791764865769e+03
    2.3299999999999725e+00    1.0782496216870779e+04    4.9843184357921564e+03
    2.3349999999999724e+00    1.0621604205651445e+04    5.2725364607786305e+03
    2.3399999999999723e+00    1.0447806270476674e+04    5.5689375922022682e+03
    2.3449999999999722e+00    1.0261368427702921e+04    5.8723225235491964e+03
    2.3499999999999721e+00    1.0062691787277767e+04    6.1812870467761013e+03
    2.3549999999999720e+00    9.8523167731485428e+03    6.4942265584412999e+03
    2.3599999999999719e+00    9.6309240546282381e+03    6.8093470030228145e+03
    2.3649999999999718e+00    9.3993317759359052e+03    7.1246826913489049e+03
    2.3699999999999717e+00    9.1584888116239836e+03    7.4381211209240228e+03
    2.3749999999999716e+00    8.9094639544127895e+03    7.7474345555326890e+03
    2.3799999999999715e+00    8.6534311493984642e+03    8.0503177168729599e+03
    2.3849999999999714e+00    8.3916511104237343e+03    8.3444305319667401e+03
    2.3899999999999713e+00    8.1254498728308099e+03    8.6274445027627280e+03
    2.3949999999999712e+00    7.8561950323699766e+03    8.8970909560028740e+03
    2.3999999999999710e+00    7.5852705738382083e+03    9.1512092259136662e+03
    2.4049999999999709e+00    7.3140512892947918e+03    9.3877927451815794e+03
    2.4099999999999708e+00    7.0438778140301019e+03    9.6050310842377767e+03
    2.4149999999999707e+00    6.7760332653837431e+03    9.8013461835992075e+03
    2.4199999999999706e+00    6.5117223591095299e+03    9.9754213522753489e+03
    2.4249999999999705e+00    6.2520537113948749e+03    1.0126222027273081e+04
    2.4299999999999704e+00    5.9980258284687179e+03    1.0253007765989640e+04
    2.4349999999999703e+00    5.7505170597539236e+03    1.0355335431689120e+04
    2.4399999999999702e+00    5.5102795650544504e+03    1.0433053990698689e+04
    2.4449999999999701e+00    5.2779371396747110e+03    1.0486291733224321e+04
    2.4499999999999700e+00    5.0539865680902158e+03    1.0515437032525591e+04
    2.4549999999999699e+00    4.8388020461712040e+03    1.0521113956099140e+04
    2.4599999999999698e+00    4.6326421279390515e+03    1.0504154135681913e+04
    2.4649999999999697e+00    4.4356586143818158e+03    1.0465566298571070e+04
    2.4699999999999696e+00    4.2479068039924305e+03    1.0406504776708924e+04
    2.4749999999999694e+00    4.0693565597985471e+03    1.0328238162341093e+04
    2.4799999999999693e+00    3.8999037068111106e+03    1.0232119091394883e+04
    2.4849999999999692e+00    3.7393813480139033e+03    1.0119555928555776e+04
    2.4899999999999691e+00    3.5875707680469172e+03    9.9919869190222362e+03
    2.4949999999999690e+00    3.4442116748004296e+03    9.8508571749250386e+03
    2.4999999999999689e+00    3.3090116051050918e+03    9.6975986890654713e+03
    2.5049999999999688e+00    3.1816543881372950e+03    9.5336134206498937e+03
    2.5099999999999687e+00    3.0618076171455914e+03    9.3602593793635533e+03
    2.5149999999999686e+00    2.9491291259860782e+03    9.1788395450573134e+03
    2.5199999999999685e+00    2.8432725020205326e+03    8.9905933982552615e+03
    2.5249999999999684e+00    2.7438916921102054e+03    8.7966907982035627e+03
    2.5299999999999683e+00    2.6506447750350421e+03    8.5982279262859156e+03
    2.5349999999999682e+00    2.5631969831485417e+03    8.3962250092453214e+03
    2.5399999999999681e+00    2.4812230599123573e+03    8.1916255449183946e+03
    2.5449999999999680e+00    2.4044090395103876e+03    7.9852967696746609e+03
    2.5499999999999678e+00    2.3324535312245971e+03    7.7780311285527168e+03
    2.5549999999999677e+00    2.2650685856780051e+03    7.5705485338427570e+03
    2.5599999999999676e+00    2.2019802132329955e+03    7.3634992237541983e+03
    2.5649999999999675e+00    2.1429286174110093e+03    7.1574670584751211e+03
    2.5699999999999674e+00    2.0876681986462049e+03    6.9529731154291949e+03
    2.5749999999999673e+00    2.0359673763370492e+03    6.7504794682489710e+03
    2.5799999999999672e+00    1.9876082702404799e+03    6.5503930545564026e+03
    2.5849999999999671e+00    1.9423862759000742e+03    6.3530695559142032e+03
    2.5899999999999670e+00    1.9001095630828434e+03    6.1588172292709560e+03
    2.5949999999999669e+00    1.8605985211405862e+03    5.9679006429535793e+03
    2.5999999999999668e+00    1.8236851707990252e+03    5.7805442819118343e+03
    2.6049999999999667e+00    1.7892125580766669e+03    5.5969359966769398e+03
    2.6099999999999666e+00    1.7570341427974049e+03    5.4172302785631500e+03
    2.6149999999999665e+00    1.7270131914312221e+03    5.2415513502233061e+03
    2.6199999999999664e+00    1.6990221817185354e+03    5.0699960659661383e+03
    2.6249999999999662e+00    1.6729422246492099e+03    4.9026366204408532e+03
    2.6299999999999661e+00    1.6486625078234670e+03    4.7395230675632802e+03
    2.6349999999999660e+00    1.6260797629694214e+03    4.5806856540496765e+03
    2.6399999999999659e+00    1.6050977593862431e+03    4.4261369737729383e+03
    2.6449999999999658e+00    1.5856268242834078e+03    4.2758739504776868e+03
    2.6499999999999657e+00    1.5675833903605815e+03    4.1298796572851234e+03
    2.6549999999999656e+00    1.5508895704894462e+03    3.9881249819703494e+03
    2.6599999999999655e+00    1.5354727589926094e+03    3.8505701472752944e+03
    2.6649999999999654e+00    1.5212652587438786e+03    3.7171660955888433e+03
    2.6699999999999653e+00    1.5082039331203177e+03    3.5878557472314005e+03
    2.6749999999999652e+00    1.4962298817043072e+03    3.4625751413642579e+03
    2.6799999999999651e+00    1.4852881385505716e+03    3.3412544682376019e+03
    2.6849999999999650e+00    1.4753273917883153e+03    3.2238190011212459e+03
    2.6899999999999649e+00    1.4662997233135893e+03    3.1101899358504020e+03
    2.6949999999999648e+00    1.4581603673347745e+03    3.0002851454817833e+03
    2.6999999999999647e+00    1.4508674865588982e+03    2.8940198571061419e+03
    2.7049999999999645e+00    1.4443819648438316e+03    2.7913072574121461e+03
    2.7099999999999644e+00    1.4386672151875509e+03    2.6920590331509766e+03
    2.7149999999999643e+00    1.4336890019777074e+03    2.5961858522168659e+03
    2.7199999999999642e+00    1.4294152764804173e+03    2.5035977906401572e+03
    2.7249999999999641e+00    1.4258160246047032e+03    2.4142047103891859e+03
    2.7299999999999640e+00    1.4228631260370050e+03    2.3279165924972172e+03
    2.7349999999999639e+00    1.4205302238976051e+03    2.2446438296718961e+03
    2.7399999999999638e+00    1.4187926041269102e+03    2.1642974822076435e+03
    2.7449999999999637e+00    1.4176270838637458e+03    2.0867895007061284e+03
    2.7499999999999636e+00    1.4170119081297657e+03    2.0120329188160570e+03
    2.7549999999999635e+00    1.4169266541835061e+03    1.9399420189303685e+03
    2.7599999999999634e+00    1.4173521429543762e+03    1.8704324735257801e+03
    2.7649999999999633e+00    1.4182703570109038e+03    1.8034214645955233e+03
    2.7699999999999632e+00    1.4196643645588476e+03    1.7388277834100772e+03
    2.7749999999999631e+00    1.4215182490033753e+03    1.6765719126416948e+03
    2.7799999999999629e+00    1.4238170436454757e+03    1.6165760927054766e+03
    2.7849999999999628e+00    1.4265466711162112e+03    1.5587643740016415e+03
    2.7899999999999627e+00    1.4296938871834404e+03    1.5030626565894254e+03
    2.7949999999999626e+00    1.4332462285943768e+03    1.4493987186817501e+03
    2.7999999999999625e+00    1.4371919646439198e+03    1.3977022352204640e+03
    2.8049999999999624e+00    1.4415200521832405e+03    1.3479047876736777e+03
    2.8099999999999623e+00    1.4462200938057458e+03    1.2999398660886477e+03
    2.8149999999999622e+00    1.4512822989684205e+03    1.2537428643349808e+03
    2.8199999999999621e+00    1.4566974478257680e+03    1.2092510693829049e+03
    2.8249999999999620e+00    1.4624568575712724e+03    1.1664036453792662e+03
    2.8299999999999619e+00    1.4685523510975800e+03    1.1251416132091133e+03
    2.8349999999999618e+00    1.4749762278015760e+03    1.0854078261626173e+03
    2.8399999999999617e+00    1.4817212363742935e+03    1.0471469422650830e+03
    2.8449999999999616e+00    1.4887805494282436e+03    1.0103053937714146e+03
    2.8499999999999615e+00    1.4961477398263794e+03    9.7483135427513719e+02
    2.8549999999999613e+00    1.5038167585875899e+03    9.4067470383548664e+02
    2.8599999999999612e+00    1.5117819142534297e+03    9.0778699248378450e+02
    2.8649999999999611e+00    1.5200378536098065e+03    8.7612140243191027e+02
    2.8699999999999610e+00    1.5285795436656335e+03    8.4563270927085694e+02
    2.8749999999999609e+00    1.5374022547980601e+03    8.1627724241577391e+02
    2.8799999999999608e+00    1.5465015449808889e+03    7.8801284502528870e+02
    2.8849999999999607e+00    1.5558732450192158e+03    7.6079883359698817e+02
    2.8899999999999606e+00    1.5655134447192311e+03    7.3459595741749251e+02
    2.8949999999999605e+00    1.5754184799275561e+03    7.0936635802435273e+02
    2.8999999999999604e+00    1.5855849203794792e+03    6.8507352881783982e+02
    2.9049999999999603e+00    1.5960095583000505e+03    6.6168227494339510e+02
    2.9099999999999602e+00    1.6066893977062141e+03    6.3915867354989916e+02
    2.9149999999999601e+00    1.6176216443620533e+03    6.1747003451485011e+02
    2.9199999999999600e+00    1.6288036963427928e+03    5.9658486171486970e+02
    2.9249999999999599e+00    1.6402331351665041e+03    5.7647281490855960e+02
    2.9299999999999597e+00    1.6519077174554905e+03    5.5710467228848893e+02
    2.9349999999999596e+00    1.6638253670921260e+03    5.3845229374990311e+02
    2.9399999999999595e+00    1.6759841678364971e+03    5.2048858491550823e+02
    2.9449999999999594e+00    1.6883823563755720e+03    5.0318746194831294e+02
    2.9499999999999593e+00    1.7010183157758131e+03    4.8652381717792667e+02
    2.9549999999999592e+00    1.7138905693131671e+03    4.7047348555983848e+02
    2.9599999999999591e+00    1.7269977746562342e+03    4.5501321198197559e+02
    2.9649999999999590e+00    1.7403387183801362e+03    4.4012061942819736e+02
    2.9699999999999589e+00    1.7539123107901960e+03    4.2577417800427088e+02
    2.9749999999999588e+00    1.7677175810360065e+03    4.1195317482823998e+02
    2.9799999999999587e+00    1.7817536724978293e+03    3.9863768478390278e+02
    2.9849999999999586e+00    1.7960198384285088e+03    3.8580854213330514e+02
    2.9899999999999585e+00    1.8105154378352609e+03    3.7344731298170586e+02
    2.9949999999999584e+00    1.8252399315867560e+03    3.6153626858633532e+02
    2.9999999999999583e+00    1.8401928787319202e+03    3.5005835949842509e+02
    3.0049999999999581e+00    1.8553739330177916e+03    3.3899719052639966e+02
    3.0099999999999580e+00    1.8707828395946249e+03    3.2833699650676914e+02
    3.0149999999999579e+00    1.8864194318972266e+03    3.1806261886811973e+02
    3.0199999999999578e+00    1.9022836286922341e+03    3.0815948297264316e+02
    3.0249999999999577e+00    1.9183754312817307e+03    2.9861357621886225e+02
    3.0299999999999576e+00    1.9346949208542208e+03    2.8941142688857354e+02
    3.0349999999999575e+00    1.9512422559745705e+03    2.8054008372052982e+02
    3.0399999999999574e+00    1.9680176702050655e+03    2.7198709619300473e+02
    3.0449999999999573e+00    1.9850214698502382e+03    2.6374049549711049e+02
    3.0499999999999572e+00    2.0022540318185870e+03    2.5578877618256200e+02
    3.0549999999999571e+00    2.0197158015947455e+03    2.4812087845748866e+02
    3.0599999999999570e+00    2.0374072913160621e+03    2.4072617112387582e+02
    3.0649999999999569e+00    2.0553290779479307e+03    2.3359443513026585e+02
    3.0699999999999568e+00    2.0734818015525598e+03    2.2671584772345312e+02
    3.0749999999999567e+00    2.0918661636461948e+03    2.2008096718106188e+02
    3.0799999999999566e+00    2.1104829256401135e+03    2.1368071810709469e+02
    3.0849999999999564e+00    2.1293329073609971e+03    2.0750637727277538e+02
    3.0899999999999563e+00    2.1484169856465360e+03    2.0154955998527848e+02
    3.0949999999999562e+00    2.1677360930123914e+03    1.9580220696723413e+02
    3.0999999999999561e+00    2.1872912163868436e+03    1.9025657173021597e+02
    3.1049999999999560e+00    2.2070833959096854e+03    1.8490520842575893e+02
    3.1099999999999559e+00    2.2271137237921134e+03    1.7974096015780810e+02
    3.1149999999999558e+00    2.2473833432345596e+03    1.7475694774086796e+02
    3.1199999999999557e+00    2.2678934473995687e+03    1.6994655888849795e+02
    3.1249999999999556e+00    2.2886452784370076e+03    1.6530343781718634e+02
    3.1299999999999555e+00    2.3096401265590293e+03    1.6082147525102411e+02
    3.1349999999999554e+00    2.3308793291623588e+03    1.5649479881299476e+02
    3.1399999999999553e+00    2.3523642699956090e+03    1.5231776378909134e+02
    3.1449999999999552e+00    2.3740963783694497e+03    1.4828494425186767e+02
    3.1499999999999551e+00    2.3960771284075686e+03    1.4439112453042503e+02
    3.1549999999999550e+00    2.4183080383364822e+03    1.4063129101422777e+02
    3.1599999999999548e+00    2.4407906698123402e+03    1.3700062427852981e+02
    3.1649999999999547e+00    2.4635266272829763e+03    1.3349449151957833e+02
    3.1699999999999546e+00    2.4865175573835354e+03    1.3010843928814023e+02
    3.1749999999999545e+00    2.5097651483641021e+03    1.2683818651027052e+02
    3.1799999999999544e+00    2.5332711295478171e+03    1.2367961778460882e+02
    3.1849999999999543e+00    2.5570372708180589e+03    1.2062877694585096e+02
    3.1899999999999542e+00    2.5810653821333208e+03    1.1768186088439580e+02
    3.1949999999999541e+00    2.6053573130684854e+03    1.1483521361251344e+02
    3.1999999999999540e+00    2.6299149523812544e+03    1.1208532056771921e+02
    3.2049999999999539e+00    2.6547402276025496e+03    1.0942880314436816e+02
    3.2099999999999538e+00    2.6798351046497464e+03    1.0686241344480730e+02
    3.2149999999999537e+00    2.7052015874616591e+03    1.0438302924173684e+02
    3.2199999999999536e+00    2.7308417176542316e+03    1.0198764914373803e+02
    3.2249999999999535e+00    2.7567575741959381e+03    9.9673387956223152e+01
    3.2299999999999534e+00    2.7829512731019272e+03    9.7437472230352881e+01
    3.2349999999999532e+00    2.8094249671459902e+03    9.5277235992748174e+01
    3.2399999999999531e+00    2.8361808455894566e+03    9.3190116649097632e+01
    3.2449999999999530e+00    2.8632211339261589e+03    9.1173651055026923e+01
    3.2499999999999529e+00    2.8905480936426306e+03    8.9225471747855195e+01
    3.2549999999999528e+00    2.9181640219927313e+03    8.7343303333113710e+01
    3.2599999999999527e+00    2.9460712517859151e+03    8.5524959019944930e+01
    3.2649999999999526e+00    2.9742721511883801e+03    8.3768337299735961e+01
    3.2699999999999525e+00    3.0027691235363541e+03    8.2071418762568754e+01
    3.2749999999999524e+00    3.0315646071607921e+03    8.0432263046290956e+01
    3.2799999999999523e+00    3.0606610752227753e+03    7.8849005913226236e+01
    3.2849999999999522e+00    3.0900610355589097e+03    7.7319856449751143e+01
    3.2899999999999521e+00    3.1197670305360471e+03    7.5843094384167429e+01
    3.2949999999999520e+00    3.1497816369146399e+03    7.4417067518494648e+01
    3.2999999999999519e+00    3.1801074657200725e+03    7.3040189269997825e+01
    3.3049999999999518e+00    3.2107471621212976e+03    7.1710936318449200e+01
    3.3099999999999516e+00    3.2417034053161228e+03    7.0427846355301952e+01
    3.3149999999999515e+00    3.2729789084224885e+03    6.9189515931127488e+01
    3.3199999999999514e+00    3.3045764183750807e+03    6.7994598397836540e+01
    3.3249999999999513e+00    3.3364987158266194e+03    6.6841801942368463e+01
    3.3299999999999512e+00    3.3687486150531645e+03    6.5729887708692530e+01
    3.3349999999999511e+00    3.4013289638627648e+03    6.4657668005120485e+01
    3.3399999999999510e+00    3.4342426435067841e+03    6.3624004594080851e+01
    3.3449999999999509e+00    3.4674925685932135e+03    6.2627807061653449e+01
    3.3499999999999508e+00    3.5010816870012777e+03    6.1668031264306507e+01
    3.3549999999999507e+00    3.5350129797966260e+03    6.0743677850420042e+01
    3.3599999999999506e+00    3.5692894611463830e+03    5.9853790854317239e+01
    3.3649999999999505e+00    3.6039141782333168e+03    5.8997456360661118e+01
    3.3699999999999504e+00    3.6388902111683606e+03    5.8173801237206945e+01
    3.3749999999999503e+00    3.6742206729007016e+03    5.7381991934031859e+01
    3.3799999999999502e+00    3.7099087091246274e+03    5.6621233347492677e+01
    3.3849999999999500e+00    3.7459574981822875e+03    5.5890767747290454e+01
    3.3899999999999499e+00    3.7823702509614996e+03    5.5189873765147205e+01
    3.3949999999999498e+00    3.8191502107876963e+03    5.4517865443725981e+01
    3.3999999999999497e+00    3.8563006533090679e+03    5.3874091344550692e+01
    3.4049999999999496e+00    3.8938248863739163e+03    5.3257933713807390e+01
    3.4099999999999495e+00    3.9317262498991972e+03    5.2668807705033778e+01
    3.4149999999999494e+00    3.9700081157291652e+03    5.2106160657829832e+01
    3.4199999999999493e+00    4.0086738874830016e+03    5.1569471431849060e+01
    3.4249999999999492e+00    4.0477270003902308e+03    5.1058249795458146e+01
    3.4299999999999491e+00    4.0871709211126845e+03    5.0572035868582688e+01
    3.4349999999999490e+00    4.1270091475516938e+03    5.0110399619388943e+01
    3.4399999999999489e+00    4.1672452086391277e+03    4.9672940414586385e+01
    3.4449999999999488e+00    4.2078826641108108e+03    4.9259286623274086e+01
    3.4499999999999487e+00    4.2489251042607766e+03    4.8869095274395789e+01
    3.4549999999999486e+00    4.2903761496747147e+03    4.8502051768014923e+01
    3.4599999999999485e+00    4.3322394509408832e+03    4.8157869640771970e+01
    3.4649999999999483e+00    4.3745186883366368e+03    4.7836290386043579e+01
    3.4699999999999482e+00    4.4172175714886307e+03    4.7537083329485860e+01
    3.4749999999999481e+00    4.4603398390046150e+03    4.7260045560814810e+01
    3.4799999999999480e+00    4.5038892580746206e+03    4.7005001922854824e+01
    3.4849999999999479e+00    4.5478696240391864e+03    4.6771805059073309e+01
    3.4899999999999478e+00    4.5922847599221304e+03    4.6560335521016064e+01
    3.4949999999999477e+00    4.6371385159252013e+03    4.6370501937265495e+01
    3.4999999999999476e+00    4.6824347688817734e+03    4.6202241245762998e+01
    3.5049999999999475e+00    4.7281774216665444e+03    4.6055518991569087e+01
    3.5099999999999474e+00    4.7743704025580146e+03    4.5930329692381349e+01
    3.5149999999999473e+00    4.8210176645502797e+03    4.5826697274392650e+01
    3.5199999999999472e+00    4.8681231846104429e+03    4.5744675581351466e+01
    3.5249999999999471e+00    4.9156909628776966e+03    4.5684348959984497e+01
    3.5299999999999470e+00    4.9637250217998362e+03    4.5645832925260741e+01
    3.5349999999999469e+00    5.0122294052026746e+03    4.5629274909317822e+01
    3.5399999999999467e+00    5.0612081772875081e+03    4.5634855098237523e+01
    3.5449999999999466e+00    5.1106654215514209e+03    4.5662787361250949e+01
    3.5499999999999465e+00    5.1606052396248415e+03    4.5713320277376404e+01
    3.5549999999999464e+00    5.2110317500203691e+03    4.5786738264948355e+01
    3.5599999999999463e+00    5.2619490867864306e+03    4.5883362819986118e+01
    3.5649999999999462e+00    5.3133613980588480e+03    4.6003553869879980e+01
    3.5699999999999461e+00    5.3652728445029079e+03    4.6147711249443390e+01
    3.5749999999999460e+00    5.4176875976379242e+03    4.6316276306997217e+01
    3.5799999999999459e+00    5.4706098380357171e+03    4.6509733648819257e+01
    3.5849999999999458e+00    5.5240437533837558e+03    4.6728613031014810e+01
    3.5899999999999457e+00    5.5779935364030016e+03    4.6973491408646709e+01
    3.5949999999999456e+00    5.6324633826097333e+03    4.7244995152811505e+01
    3.5999999999999455e+00    5.6874574879097818e+03    4.7543802447268781e+01
    3.6049999999999454e+00    5.7429800460127171e+03    4.7870645877229563e+01
    3.6099999999999453e+00    5.7990352456525306e+03    4.8226315223994789e+01
    3.6149999999999451e+00    5.8556272676002964e+03    4.8611660480314001e+01
    3.6199999999999450e+00    5.9127602814531401e+03    4.9027595102616843e+01
    3.6249999999999449e+00    5.9704384421825816e+03    4.9475099517665193e+01
    3.6299999999999448e+00    6.0286658864239516e+03    4.9955224902692706e+01
    3.6349999999999447e+00    6.0874467284870934e+03    5.0469097259753070e+01
    3.6399999999999446e+00    6.1467850560669467e+03    5.1017921806801226e+01
    3.6449999999999445e+00    6.2066849256308478e+03    5.1602987709997542e+01
    3.6499999999999444e+00    6.2671503574574708e+03    5.2225673183869219e+01
    3.6549999999999443e+00    6.3281853303002317e+03    5.2887450988303186e+01
    3.6599999999999442e+00    6.3897937756457286e+03    5.3589894353899552e+01
    3.6649999999999441e+00    6.4519795715352857e+03    5.4334683370005173e+01
    3.6699999999999440e+00    6.5147465359149928e+03    5.5123611872796026e+01
    3.6749999999999439e+00    6.5780984194766661e+03    5.5958594874110432e+01
    3.6799999999999438e+00    6.6420388979489453e+03    5.6841676575380120e+01
    3.6849999999999437e+00    6.7065715637942430e+03    5.7775039014994199e+01
    3.6899999999999435e+00    6.7716999172634105e+03    5.8761011401795123e+01
    3.6949999999999434e+00    6.8374273567558057e+03    5.9802080192183872e+01
    3.6999999999999433e+00    6.9037571684278792e+03    6.0900899973544107e+01
    3.7049999999999432e+00    6.9706925149883773e+03    6.2060305222427544e+01
    3.7099999999999431e+00    7.0382364236128014e+03    6.3283323012224862e+01
    3.7149999999999430e+00    7.1063917729037703e+03    6.4573186751932568e+01
    3.7199999999999429e+00    7.1751612788173870e+03    6.5933351045177062e+01
    3.7249999999999428e+00    7.2445474794685506e+03    6.7367507766938488e+01
    3.7299999999999427e+00    7.3145527187202806e+03    6.8879603464502082e+01
    3.7349999999999426e+00    7.3851791284535548e+03    7.0473858199133460e+01
    3.7399999999999425e+00    7.4564286094047211e+03    7.2154785955915145e+01
    3.7449999999999424e+00    7.5283028104472323e+03    7.3927216761190991e+01
    3.7499999999999423e+00    7.6008031061831452e+03    7.5796320660249606e+01
    3.7549999999999422e+00    7.6739305726974180e+03    7.7767633722353921e+01
    3.7599999999999421e+00    7.7476859613144507e+03    7.9847086256119283e+01
    3.7649999999999419e+00    7.8220696701814031e+03    8.2041033435697315e+01
    3.7699999999999418e+00    7.8970817134864783e+03    8.4356288557389519e+01
    3.7749999999999417e+00    7.9727216881024224e+03    8.6800159167361542e+01
    3.7799999999999416e+00    8.0489887374258251e+03    8.9380486324237125e+01
    3.7849999999999415e+00    8.1258815121612361e+03    9.2105687285719540e+01
    3.7899999999999414e+00    8.2033981277754483e+03    9.4984801936232884e+01
    3.7949999999999413e+00    8.2815361183213481e+03    9.8027543303129391e+01
    3.7999999999999412e+00    8.3602923863022861e+03    1.0124435254252468e+02
    3.8049999999999411e+00    8.4396631482167213e+03    1.0464645881257218e+02
    3.8099999999999410e+00    8.5196438753887287e+03    1.0824594449226201e+02
    3.8149999999999409e+00    8.6002292296524702e+03    1.1205581624794060e+02
    3.8199999999999408e+00    8.6814129934177545e+03    1.1609008249802461e+02
    3.8249999999999407e+00    8.7631879935989055e+03    1.2036383787917629e+02
    3.8299999999999406e+00    8.8455460188400630e+03    1.2489335537488030e+02
    3.8349999999999405e+00    8.9284777294163850e+03    1.2969618683029478e+02
    3.8399999999999403e+00    9.0119725591320257e+03    1.3479127264582519e+02
    3.8449999999999402e+00    9.0960186084718734e+03    1.4019906151648053e+02
    3.8499999999999401e+00    9.1806025281943712e+03    1.4594164116509850e+02
    3.8549999999999400e+00    9.2657093924770688e+03    1.5204288110533497e+02
    3.8599999999999399e+00    9.3513225606442538e+03    1.5852858856523798e+02
    3.8649999999999398e+00    9.4374235264169110e+03    1.6542667880454809e+02
    3.8699999999999397e+00    9.5239917535288441e+03    1.7276736116879124e+02
    3.8749999999999396e+00    9.6110044964488807e+03    1.8058334234085675e+02
    3.8799999999999395e+00    9.6984366048372613e+03    1.8891004837603134e+02
    3.8849999999999394e+00    9.7862603102446756e+03    1.9778586723914657e+02
    3.8899999999999393e+00    9.8744449934346740e+03    2.0725241370208707e+02
    3.8949999999999392e+00    9.9629569305747318e+03    2.1735481860556098e+02
    3.8999999999999391e+00    1.0051759016398379e+04    2.2814204463948380e+02
    3.9049999999999390e+00    1.0140810462291240e+04    2.3966723094975453e+02
    3.9099999999999389e+00    1.0230066467098733e+04    2.5198806903310322e+02
    3.9149999999999388e+00    1.0319477858294098e+04    2.6516721253269316e+02
    3.9199999999999386e+00    1.0408990700984656e+04    2.7927272369082544e+02
    3.9249999999999385e+00    1.0498545872074819e+04    2.9437855934564874e+02
    3.9299999999999384e+00    1.0588078596750340e+04    3.1056509946882221e+02
    3.9349999999999383e+00    1.0677517944304926e+04    3.2791972132121589e+02
    3.9399999999999382e+00    1.0766786280204480e+04    3.4653742234214263e+02
    3.9449999999999381e+00    1.0855798671184271e+04    3.6652149486954357e+02
    3.9499999999999380e+00    1.0944462240111288e+04    3.8798425569571901e+02
    3.9549999999999379e+00    1.1032675467331304e+04    4.1104783327312788e+02
    3.9599999999999378e+00    1.1120327435274357e+04    4.3584501506999277e+02
    3.9649999999999377e+00    1.1207297013234049e+04    4.6252015710259718e+02
    3.9699999999999376e+00    1.1293451979490106e+04    4.9123015700003214e+02
    3.9749999999999375e+00    1.1378648078340220e+04    5.2214549103960303e+02
    3.9799999999999374e+00    1.1462728010182464e+04    5.5545131436994075e+02
    3.9849999999999373e+00    1.1545520353586684e+04    5.9134862204665353e+02
    3.9899999999999372e+00    1.1626838419363026e+04    6.3005546646337166e+02
    3.9949999999999370e+00    1.1706479038037627e+04    6.7180822417826334e+02
    3.9999999999999369e+00    1.1784221283948384e+04    7.1686290190859143e+02
    4.0049999999999368e+00    1.1859825141456146e+04    7.6549646747660404e+02
    4.0099999999999367e+00    1.1933030121617332e+04    8.1800818660952280e+02
    4.0149999999999366e+00    1.2003553841180801e+04    8.7472094058445668e+02
    4.0199999999999365e+00    1.2071090580061040e+04    9.3598249261837225e+02
    4.0249999999999364e+00    1.2135309838612911e+04    1.0021666624849305e+03
    4.0299999999999363e+00    1.2195854922203123e+04    1.0736743589525163e+03
    4.0349999999999362e+00    1.2252341587847783e+04    1.1509344081596337e+03
    4.0399999999999361e+00    1.2304356796156364e+04    1.2344041028914446e+03
    4.0449999999999360e+00    1.2351457621554850e+04    1.3245693828730289e+03
    4.0499999999999359e+00    1.2393170384773572e+04    1.4219445397230302e+03
    4.0549999999999358e+00    1.2428990083828878e+04    1.5270713223217381e+03
    4.0599999999999357e+00    1.2458380213054985e+04    1.6405172994300146e+03
    4.0649999999999356e+00    1.2480773073873568e+04    1.7628733170824469e+03
    4.0699999999999354e+00    1.2495570695469840e+04    1.8947498695132524e+03
    4.0749999999999353e+00    1.2502146497700864e+04    2.0367721854849408e+03
    4.0799999999999352e+00    1.2499847841450997e+04    2.1895738186644448e+03
    4.0849999999999351e+00    1.2487999622010855e+04    2.3537885234405262e+03
    4.0899999999999350e+00    1.2465909067275870e+04    2.5300401991786875e+03
    4.0949999999999349e+00    1.2432871902651059e+04    2.7189306998148936e+03
    4.0999999999999348e+00    1.2388180036162650e+04    2.9210253358539885e+03
    4.1049999999999347e+00    1.2331130897770518e+04    3.1368359465688059e+03
    4.1099999999999346e+00    1.2261038533438363e+04    3.3668014958600838e+03
    4.1149999999999345e+00    1.2177246504396855e+04    3.6112662498188638e+03
    4.1199999999999344e+00    1.2079142572855559e+04    3.8704557304984514e+03
    4.1249999999999343e+00    1.1966175065631031e+04    4.1444508098796950e+03
    4.1299999999999342e+00    1.1837870696577756e+04    4.4331605088048773e+03
    4.1349999999999341e+00    1.1693853499141500e+04    4.7362942921687036e+03
    4.1399999999999340e+00    1.1533864376225711e+04    5.0533348933746774e+03
    4.1449999999999338e+00    1.1357780623448805e+04    5.3835129417842691e+03
    4.1499999999999337e+00    1.1165634634801878e+04    5.7257848844578884e+03
    4.1549999999999336e+00    1.0957630871063257e+04    6.0788158604082746e+03
    4.1599999999999335e+00    1.0734160078116296e+04    6.4409692707030472e+03
    4.1649999999999334e+00    1.0495809702847686e+04    6.8103047592674393e+03
    4.1699999999999333e+00    1.0243369486017818e+04    7.1845861490207571e+03
    4.1749999999999332e+00    9.9778313282352683e+03    7.5613005468551746e+03
    4.1799999999999331e+00    9.7003827341245506e+03    7.9376893342985559e+03
    4.1849999999999330e+00    9.4123934386294241e+03    8.3107911132563713e+03
    4.1899999999999329e+00    9.1153951942945478e+03    8.6774959150358918e+03
    4.1949999999999328e+00    8.8110551234253489e+03    9.0346091649083846e+03
    4.1999999999999327e+00    8.5011434778065450e+03    9.3789231003690820e+03
    4.2049999999999326e+00    8.1874970578668517e+03    9.7072926547861462e+03
    4.2099999999999325e+00    7.8719798781909503e+03    1.0016712322555979e+04
    4.2149999999999324e+00    7.5564428877289201e+03    1.0304390284916060e+04
    4.2199999999999322e+00    7.2426846332020250e+03    1.0567816137478627e+04
    4.2249999999999321e+00    6.9324146818069412e+03    1.0804818926058904e+04
    4.2299999999999320e+00    6.6272214018386294e+03    1.1013612833328722e+04
    4.2349999999999319e+00    6.3285453624540123e+03    1.1192828698468293e+04
    4.2399999999999318e+00    6.0376591953163843e+03    1.1341530505069215e+04
    4.2449999999999317e+00    5.7556543075550862e+03    1.1459216939244678e+04
    4.2499999999999316e+00    5.4834343939427781e+03    1.1545809005658162e+04
    4.2549999999999315e+00    5.2217153068446050e+03    1.1601625417450456e+04
    4.2599999999999314e+00    4.9710305347801586e+03    1.1627347996843717e+04
    4.2649999999999313e+00    4.7317413304738348e+03    1.1623979616309782e+04
    4.2699999999999312e+00    4.5040504199031811e+03    1.1592797283245076e+04
    4.2749999999999311e+00    4.2880182067449505e+03    1.1535302853797346e+04
    4.2799999999999310e+00    4.0835804455254001e+03    1.1453173597681478e+04
    4.2849999999999309e+00    3.8905664712671546e+03    1.1348214475224402e+04
    4.2899999999999308e+00    3.7087172222495428e+03    1.1222313578923748e+04
    4.2949999999999307e+00    3.5377024562538413e+03    1.1077401776413953e+04
    4.2999999999999305e+00    3.3771367234497284e+03    1.0915417202326558e+04
    4.3049999999999304e+00    3.2265938092554661e+03    1.0738274905067750e+04
    4.3099999999999303e+00    3.0856194906941460e+03    1.0547841673122111e+04
    4.3149999999999302e+00    2.9537425563443799e+03    1.0345915847979421e+04
    4.3199999999999301e+00    2.8304841222851510e+03    1.0134211774825795e+04
    4.3249999999999300e+00    2.7153653359054042e+03    9.9143484412897014e+03
    4.3299999999999299e+00    2.6079135988366293e+03    9.6878418000808742e+03
    4.3349999999999298e+00    2.5076674629559511e+03    9.4561002538149187e+03
    4.3399999999999297e+00    2.4141803629208048e+03    9.2204227904535837e+03
    4.3449999999999296e+00    2.3270233483573102e+03    8.9819992873163101e+03
    4.3499999999999295e+00    2.2457869715583142e+03    8.7419125435156329e+03
    4.3549999999999294e+00    2.1700824747902493e+03    8.5011416493071483e+03
    4.3599999999999293e+00    2.0995424069937972e+03    8.2605663519304999e+03
    4.3649999999999292e+00    2.0338207842554145e+03    8.0209721279506166e+03
    4.3699999999999291e+00    1.9725928929791719e+03    7.7830557197906792e+03
    4.3749999999999289e+00    1.9155548199163636e+03    7.5474309377863447e+03
    4.3799999999999288e+00    1.8624227795612146e+03    7.3146345680056529e+03
    4.3849999999999287e+00    1.8129322971387287e+03    7.0851322600415670e+03
    4.3899999999999286e+00    1.7668372945914716e+03    6.8593242980767773e+03
    4.3949999999999285e+00    1.7239091176096888e+03    6.6375511830283340e+03
    4.3999999999999284e+00    1.6839355337706681e+03    6.4200989739071529e+03
    4.4049999999999283e+00    1.6467197251459406e+03    6.2072043531366635e+03
    4.4099999999999282e+00    1.6120792931657907e+03    5.9990593939430491e+03
    4.4149999999999281e+00    1.5798452889602120e+03    5.7958160185203697e+03
    4.4199999999999280e+00    1.5498612786871165e+03    5.5975901439197469e+03
    4.4249999999999279e+00    1.5219824503838784e+03    5.4044655189039777e+03
    4.4299999999999278e+00    1.4960747665203339e+03    5.2164972596935449e+03
    4.4349999999999277e+00    1.4720141645862873e+03    5.0337150959073679e+03
    4.4399999999999276e+00    1.4496858066238128e+03    4.8561263403286739e+03
    4.4449999999999275e+00    1.4289833775363184e+03    4.6837185976197052e+03
    4.4499999999999273e+00    1.4098084312064002e+03    4.5164622279492824e+03
    4.4549999999999272e+00    1.3920697828775235e+03    4.3543125818336994e+03
    4.4599999999999271e+00    1.3756829458544282e+03    4.1972120224457558e+03
    4.4649999999999270e+00    1.3605696103159034e+03    4.0450917513176059e+03
    4.4699999999999269e+00    1.3466571618801511e+03    3.8978734528295486e+03
    4.4749999999999268e+00    1.3338782374921755e+03    3.7554707722016256e+03
    4.4799999999999267e+00    1.3221703161942089e+03    3.6177906409373213e+03
    4.4849999999999266e+00    1.3114753423778882e+03    3.4847344628469809e+03
    4.4899999999999265e+00    1.3017393791878758e+03    3.3561991729322144e+03
    4.4949999999999264e+00    1.2929122898407363e+03    3.2320781805636402e+03
    4.4999999999999263e+00    1.2849474447322596e+03    3.1122622075492263e+03
    4.5049999999999262e+00    1.2778014523249462e+03    2.9966400308810366e+03
    4.5099999999999261e+00    1.2714339119304213e+03    2.8850991391725333e+03
    4.5149999999999260e+00    1.2658071866255993e+03    2.7775263110621590e+03
    4.5199999999999259e+00    1.2608861946639345e+03    2.6738081231648930e+03
    4.5249999999999257e+00    1.2566382178621793e+03    2.5738313945034374e+03
    4.5299999999999256e+00    1.2530327255574684e+03    2.4774835737449307e+03
    4.5349999999999255e+00    1.2500412128383757e+03    2.3846530750070187e+03
    4.5399999999999254e+00    1.2476370518563567e+03    2.2952295674774732e+03
    4.5449999999999253e+00    1.2457953551204146e+03    2.2091042236126109e+03
    4.5499999999999252e+00    1.2444928497678513e+03    2.1261699302395150e+03
    4.5549999999999251e+00    1.2437077618876574e+03    2.0463214664832842e+03
    4.5599999999999250e+00    1.2434197100506210e+03    1.9694556520709459e+03
    4.5649999999999249e+00    1.2436096072718492e+03    1.8954714692259547e+03
    4.5699999999999248e+00    1.2442595706973723e+03    1.8242701610590477e+03
    4.5749999999999247e+00    1.2453528383671692e+03    1.7557553090804490e+03
    4.5799999999999246e+00    1.2468736924626330e+03    1.6898328922028422e+03
    4.5849999999999245e+00    1.2488073884975306e+03    1.6264113293721578e+03
    4.5899999999999244e+00    1.2511400899582256e+03    1.5654015077521103e+03
    4.5949999999999243e+00    1.2538588079416593e+03    1.5067167981968021e+03
    4.5999999999999241e+00    1.2569513453786124e+03    1.4502730595718890e+03
    4.6049999999999240e+00    1.2604062454654222e+03    1.3959886333272470e+03
    4.6099999999999239e+00    1.2642127439598544e+03    1.3437843295813286e+03
    4.6149999999999238e+00    1.2683607250265015e+03    1.2935834058481648e+03
    4.6199999999999237e+00    1.2728406803441474e+03    1.2453115394209949e+03
    4.6249999999999236e+00    1.2776436712122036e+03    1.1988967943207156e+03
    4.6299999999999235e+00    1.2827612934158233e+03    1.1542695836216844e+03
    4.6349999999999234e+00    1.2881856446297961e+03    1.1113626278809711e+03
    4.6399999999999233e+00    1.2939092941600225e+03    1.0701109103190656e+03
    4.6449999999999232e+00    1.2999252548384034e+03    1.0304516293295512e+03
    4.6499999999999231e+00    1.3062269569025132e+03    9.9232414883162232e+02
    4.6549999999999230e+00    1.3128082237055924e+03    9.5566994692193327e+02
    4.6599999999999229e+00    1.3196632491153114e+03    9.2043256323051060e+02
    4.6649999999999228e+00    1.3267865764715430e+03    8.8655754533882816e+02
    4.6699999999999227e+00    1.3341730789841329e+03    8.5399239457613794e+02
    4.6749999999999226e+00    1.3418179414614708e+03    8.2268651147233777e+02
    4.6799999999999224e+00    1.3497166432696258e+03    7.9259114111164024e+02
    4.6849999999999223e+00    1.3578649424299899e+03    7.6365931860072271e+02
    4.6899999999999222e+00    1.3662588607708503e+03    7.3584581483756551e+02
    4.6949999999999221e+00    1.3748946700551439e+03    7.0910708274251692e+02
    4.6999999999999220e+00    1.3837688790128902e+03    6.8340120409100143e+02
    4.7049999999999219e+00    1.3928782212125138e+03    6.5868783706746206e+02
    4.7099999999999218e+00    1.4022196437104947e+03    6.3492816464237740e+02
    4.7149999999999217e+00    1.4117902964235666e+03    6.1208484385832446e+02
    4.7199999999999216e+00    1.4215875221720667e+03    5.9012195609687944e+02
    4.7249999999999215e+00    1.4316088473470518e+03    5.6900495838550648e+02
    4.7299999999999214e+00    1.4418519731574772e+03    5.4870063579232146e+02
    4.7349999999999213e+00    1.4523147674171023e+03    5.2917705494660458e+02
    4.7399999999999212e+00    1.4629952568338872e+03    5.1040351871404681e+02
    4.7449999999999211e+00    1.4738916197674762e+03    4.9235052204784427e+02
    4.7499999999999210e+00    1.4850021794229785e+03    4.7498970902979664e+02
    4.7549999999999208e+00    1.4963253974516447e+03    4.5829383110943417e+02
    4.7599999999999207e+00    1.5078598679312388e+03    4.4223670654380709e+02
    4.7649999999999206e+00    1.5196043117009337e+03    4.2679318103585166e+02
    4.7699999999999205e+00    1.5315575710274099e+03    4.1193908956512547e+02
    4.7749999999999204e+00    1.5437186045805561e+03    3.9765121940112527e+02
    4.7799999999999203e+00    1.5560864826987433e+03    3.8390727428630561e+02
    4.7849999999999202e+00    1.5686603829250976e+03    3.7068583977325670e+02
    4.7899999999999201e+00    1.5814395857975303e+03    3.5796634969823015e+02
    4.7949999999999200e+00    1.5944234708765246e+03    3.4572905377128086e+02
    4.7999999999999199e+00    1.6076115129958055e+03    3.3395498626168546e+02
    4.8049999999999198e+00    1.6210032787220803e+03    3.2262593575596759e+02
    4.8099999999999197e+00    1.6345984230109950e+03    3.1172441596478126e+02
    4.8149999999999196e+00    1.6483966860473547e+03    3.0123363755404273e+02
    4.8199999999999195e+00    1.6623978902584779e+03    2.9113748097504134e+02
    4.8249999999999194e+00    1.6766019374903224e+03    2.8142047026777004e+02
    4.8299999999999192e+00    1.6910088063367236e+03    2.7206774781138535e+02
    4.8349999999999191e+00    1.7056185496127446e+03    2.6306504999550862e+02
    4.8399999999999190e+00    1.7204312919637364e+03    2.5439868378600463e+02
    4.8449999999999189e+00    1.7354472276022746e+03    2.4605550415890269e+02
    4.8499999999999188e+00    1.7506666181656531e+03    2.3802289237624603e+02
    4.8549999999999187e+00    1.7660897906870980e+03    2.3028873507785704e+02
    4.8599999999999186e+00    1.7817171356743127e+03    2.2284140416327668e+02
    4.8649999999999185e+00    1.7975491052893785e+03    2.1566973743846719e+02
    4.8699999999999184e+00    1.8135862116244198e+03    2.0876302000224896e+02
    4.8749999999999183e+00    1.8298290250677983e+03    2.0211096634786804e+02
    4.8799999999999182e+00    1.8462781727559370e+03    1.9570370315555294e+02
    4.8849999999999181e+00    1.8629343371061784e+03    1.8953175275241134e+02
    4.8899999999999180e+00    1.8797982544263682e+03    1.8358601721653463e+02
    4.8949999999999179e+00    1.8968707135971283e+03    1.7785776310271521e+02
    4.8999999999999178e+00    1.9141525548230225e+03    1.7233860676773381e+02
    4.9049999999999176e+00    1.9316446684490572e+03    1.6702050027373809e+02
    4.9099999999999175e+00    1.9493479938391706e+03    1.6189571784880579e+02
    4.9149999999999174e+00    1.9672635183135637e+03    1.5695684288436271e+02
    4.9199999999999173e+00    1.9853922761419190e+03    1.5219675544970539e+02
    4.9249999999999172e+00    2.0037353475897196e+03    1.4760862030445719e+02
    4.9299999999999171e+00    2.0222938580150519e+03    1.4318587539036423e+02
    4.9349999999999170e+00    2.0410689770134202e+03    1.3892222078441043e+02
    4.9399999999999169e+00    2.0600619176082500e+03    1.3481160809579859e+02
    4.9449999999999168e+00    2.0792739354848841e+03    1.3084823028990547e+02
    4.9499999999999167e+00    2.0987063282660024e+03    1.2702651192287144e+02
    4.9549999999999166e+00    2.1183604348265121e+03    1.2334109977102874e+02
    4.9599999999999165e+00    2.1382376346460624e+03    1.1978685383990667e+02
    4.9649999999999164e+00    2.1583393471974414e+03    1.1635883873807470e+02
    4.9699999999999163e+00    2.1786670313692030e+03    1.1305231540159684e+02
    4.9749999999999162e+00    2.1992221849209677e+03    1.0986273315537112e+02
    4.9799999999999160e+00    2.2200063439699206e+03    1.0678572209811601e+02
    4.9849999999999159e+00    2.2410210825071035e+03    1.0381708579824247e+02
    4.9899999999999158e+00    2.2622680119421830e+03    1.0095279428831346e+02
    4.9949999999999157e+00    2.2837487806754316e+03    9.8188977346244087e+01
    4.9999999999999156e+00    2.3054650736957346e+03    9.5521918051834405e+01
