23 October 2010 03:27:26 PM

ASA005_PRB:
  C version
  Test the ASA005 library.

TEST01:
  PRNCST computes the noncentral Student's
  Cumulative Density Function.
  Compare to tabulated values.

      X   LAMBDA  DF      CDF                       CDF                     DIFF
                          Tabulated                 PRNCST

    3.00    0.00   1        0.8975836176504333        0.8975837598120884  1.4216e-07
    3.00    0.00   2        0.9522670169000000        0.9522670168594278  4.0572e-11
    3.00    0.00   3        0.9711655571887813        0.9711656763838559  1.1920e-07
    3.00    0.50   1        0.8231218863999999        0.8231221338612043  2.4746e-07
    3.00    0.50   2        0.9049021510000000        0.9049021512709449  2.7094e-10
    3.00    0.50   3        0.9363471834000000        0.9363473626984931  1.7930e-07
    3.00    1.00   1        0.7301025986000000        0.7301028287491672  2.3015e-07
    3.00    1.00   2        0.8335594263000000        0.8335594288249495  2.5249e-09
    3.00    1.00   3        0.8774010255000000        0.8774011799368130  1.5444e-07
    3.00    2.00   1        0.5248571617000000        0.5248573426448750  1.8094e-07
    3.00    2.00   2        0.6293856597000000        0.6293856597092011  9.2011e-12
    3.00    2.00   3        0.6800271741000000        0.6800272711789466  9.7079e-08
    3.00    4.00   1        0.2059013197500000        0.2059014183248157  9.8575e-08
    3.00    4.00   2        0.2112148916000000        0.2112148915815212  1.8479e-11
    3.00    4.00   3        0.2074730718000000        0.2074730869339311  1.5134e-08
   15.00    7.00  15        0.9981130072000000        0.9981130488097413  4.1610e-08
   15.00    7.00  20        0.9994873850000000        0.9994873849516042  4.8396e-11
   15.00    7.00  25        0.9998391562000000        0.9998391674780222  1.1278e-08
    0.05    1.00   1        0.1686105669720000        0.1686105790294597  1.2057e-08
    0.05    1.00   2        0.1696795098500000        0.1696795165529101  6.7029e-09
    0.05    1.00   3        0.1701041003000000        0.1701041100776811  9.7777e-09
    4.00    2.00  10        0.9247683363000000        0.9247683362961553  3.8447e-12
    4.00    3.00  10        0.7483139269000000        0.7483139269001129  1.1291e-13
    4.00    4.00  10        0.4659802096000000        0.4659802095642211  3.5779e-11
    5.00    2.00  10        0.9761872541000000        0.9761872541339934  3.3993e-11
    5.00    3.00  10        0.8979689357000000        0.8979689356552280  4.4772e-11
    5.00    4.00  10        0.7181904627000000        0.7181904626857755  1.4225e-11
    6.00    2.00  10        0.9923658945000000        0.9923658945319909  3.1991e-11
    6.00    3.00  10        0.9610341649000000        0.9610341648381403  6.1860e-11
    6.00    4.00  10        0.8688007350000000        0.8688007349895343  1.0466e-11

ASA005_PRB:
  Normal end of execution.

23 October 2010 03:27:26 PM
