18 January 2014 08:35:08 PM

SQUARE_MONTE_CARLO_PRB
  C version
  Test the SQUARE_MONTE_CARLO library.

TEST01
  Use SQUARE01_SAMPLE to estimate integrals
  over the interior of the unit square in 2D.

         N        1              X^2             Y^2             X^4           X^2Y^2          Y^4          X^6

         1               1   0.04770655246    0.9145433071  0.002275915147   0.04362970826    0.8363894606  0.0001085760654
         2               1    0.4302827706    0.1599367288    0.2516055456    0.1089231219   0.04978023939    0.1654566818
         4               1   0.05828107064    0.2964050922  0.007589022998   0.02351637511    0.1317212741  0.001117255984
         8               1    0.3701426774    0.2322407191    0.2576536078   0.09090715443    0.1535832396    0.1865427975
        16               1    0.4083606233      0.33181076    0.2683110962    0.1321522552    0.1544553275     0.192755602
        32               1    0.2884936889    0.3987081309    0.1513738202    0.1336976319    0.2732404559   0.09434144338
        64               1    0.3269111062    0.2780372525    0.1825585671   0.08498088849      0.14627686    0.1236855248
       128               1    0.3353816216    0.3731944506    0.1960992373    0.1192820956    0.2356113656    0.1365970501
       256               1    0.3232097698    0.3450115559    0.1897785205    0.1019827908    0.2120088825    0.1350890146
       512               1    0.3411907338    0.3076988507    0.2064665973    0.1062590307    0.1816441668    0.1467937452
      1024               1    0.3398623278    0.3338550975    0.2100558676    0.1119929217    0.2006636251    0.1531399155
      2048               1    0.3360762455    0.3316526484    0.2032453073     0.111579003    0.1973632019    0.1454730318
      4096               1    0.3274035632    0.3239453856     0.193703056    0.1087031642    0.1923948644     0.136906408
      8192               1    0.3320395559    0.3298841633    0.1984467167    0.1093145431    0.1964719039    0.1413315275
     16384               1     0.329688306    0.3368926231    0.1959171761    0.1114858899    0.2027765882    0.1389017765
     32768               1    0.3330316083    0.3303358605    0.2000106766    0.1094904118    0.1972023154    0.1429535325
     65536               1    0.3318510349     0.333021147    0.1983795073    0.1112597266    0.1996880651    0.1414240765

     Exact               1    0.3333333333    0.3333333333             0.2    0.1111111111             0.2    0.1428571429

SQUARE_MONTE_CARLO_PRB
  Normal end of execution.

18 January 2014 08:35:08 PM
