DREAM.C:Parameter_values_for_restart.
0       -109.1491       -3.525789        -3.51216      -0.1322472       -4.225403       -2.939868       -6.920783        1.324223        6.414397       -3.490108       -3.198406
1       -82.56669       -9.503601       -3.268011        -4.29954        2.526411      -0.7146255       -9.576862       -7.360704       -4.188059       -8.278451       -9.748492
2       -129.0324        3.235434        7.983391       -8.404674        9.189667        6.935437        7.174981        6.243717          2.3917       0.2357352        7.190982
3       -100.4197       0.5111119       -1.058372        1.544527      -0.2555098       -0.467137       -1.865873       -1.124981       -1.328374      -0.5898312       -2.676039
4        -124.058       -6.888212       -3.847461       -2.665732        5.548457       -3.016036       -8.586978       -3.294228       -9.873459        2.562315      -0.5301948
5       -67.84686       -4.160833       -7.198181       -4.668127       -6.395739       -2.530003       -8.421724        4.932124       -4.632099       -3.644582       -6.948747
6       -58.83362        7.218883        8.768633        5.902146        2.808044      -0.1058567        6.683196        1.816227        1.331235        9.733747        8.678104
7       -140.0634        1.806277        7.815703         4.67408        6.258549        1.440021        1.090326        9.706946       -8.114561      -0.7844103        5.506422
8       -88.18743       -5.297938        4.874554       -5.137103       -3.977736       -2.336497      -0.6162952       -2.972821       -2.068132       0.2848146        -2.78713
9       -124.8315        -5.49104       0.7218034       -6.221773       -4.367656       -8.186714        2.506822       -7.521901        -4.35952        1.769701        4.476853
