  1.010000e+01  1.020000e+01  1.030000e+01  1.040000e+01  1.050000e+01
  2.010000e+01  2.020000e+01  2.030000e+01  2.040000e+01  2.050000e+01
  3.010000e+01  3.020000e+01  3.030000e+01  3.040000e+01  3.050000e+01
  4.010000e+01  4.020000e+01  4.030000e+01  4.040000e+01  4.050000e+01
  5.010000e+01  5.020000e+01  5.030000e+01  5.040000e+01  5.050000e+01
  6.010000e+01  6.020000e+01  6.030000e+01  6.040000e+01  6.050000e+01
  7.010000e+01  7.020000e+01  7.030000e+01  7.040000e+01  7.050000e+01
  8.010000e+01  8.020000e+01  8.030000e+01  8.040000e+01  8.050000e+01
  9.010000e+01  9.020000e+01  9.030000e+01  9.040000e+01  9.050000e+01
  1.001000e+02  1.002000e+02  1.003000e+02  1.004000e+02  1.005000e+02
  1.101000e+02  1.102000e+02  1.103000e+02  1.104000e+02  1.105000e+02
  1.201000e+02  1.202000e+02  1.203000e+02  1.204000e+02  1.205000e+02
  1.301000e+02  1.302000e+02  1.303000e+02  1.304000e+02  1.305000e+02
  1.401000e+02  1.402000e+02  1.403000e+02  1.404000e+02  1.405000e+02
  1.501000e+02  1.502000e+02  1.503000e+02  1.504000e+02  1.505000e+02
  1.601000e+02  1.602000e+02  1.603000e+02  1.604000e+02  1.605000e+02
  1.701000e+02  1.702000e+02  1.703000e+02  1.704000e+02  1.705000e+02
  1.801000e+02  1.802000e+02  1.803000e+02  1.804000e+02  1.805000e+02
  1.901000e+02  1.902000e+02  1.903000e+02  1.904000e+02  1.905000e+02
  2.001000e+02  2.002000e+02  2.003000e+02  2.004000e+02  2.005000e+02
