  0.000000  0.000000  0.000000
  0.025000  0.000000  0.000000
  0.050000  0.000000  0.000000
  0.075000  0.000000  0.000000
  0.100000  0.000000  0.000000
  0.125000  0.000000  0.000000
  0.150000  0.000000  0.000000
  0.175000  0.000000  0.000000
  0.200000  0.000000  0.000000
  0.225000  0.000000  0.000000
  0.250000  0.000000  0.000000
  0.275000  0.000000  0.005625
  0.300000  0.000000  0.010000
  0.325000  0.000000  0.013125
  0.350000  0.000000  0.015000
  0.375000  0.000000  0.015625
  0.400000  0.000000  0.015000
  0.425000  0.000000  0.013125
  0.450000  0.000000  0.010000
  0.475000  0.000000  0.005625
  0.500000  0.000000  0.000000
  0.525000  0.000000  0.000000
  0.550000  0.000000  0.000000
  0.575000  0.000000  0.000000
  0.600000  0.000000  0.000000
  0.625000  0.000000  0.000000
  0.650000  0.000000  0.000000
  0.675000  0.000000  0.000000
  0.700000  0.000000  0.000000
  0.725000  0.000000  0.000000
  0.750000  0.000000  0.000000
  0.775000  0.000000  0.000000
  0.800000  0.000000  0.000000
  0.825000  0.000000  0.000000
  0.850000  0.000000  0.000000
  0.875000  0.000000  0.000000
  0.900000  0.000000  0.000000
  0.925000  0.000000  0.000000
  0.950000  0.000000  0.000000
  0.975000  0.000000  0.000000
  1.000000  0.000000  0.000000

  0.000000  0.100000  0.000000
  0.025000  0.100000  0.000000
  0.050000  0.100000  0.000000
  0.075000  0.100000  0.000000
  0.100000  0.100000  0.000000
  0.125000  0.100000  0.000000
  0.150000  0.100000  0.000000
  0.175000  0.100000  0.000000
  0.200000  0.100000  0.000000
  0.225000  0.100000  0.000000
  0.250000  0.100000  0.002813
  0.275000  0.100000  0.005000
  0.300000  0.100000  0.009375
  0.325000  0.100000  0.012500
  0.350000  0.100000  0.014375
  0.375000  0.100000  0.015000
  0.400000  0.100000  0.014375
  0.425000  0.100000  0.012500
  0.450000  0.100000  0.009375
  0.475000  0.100000  0.005000
  0.500000  0.100000  0.002812
  0.525000  0.100000  0.000000
  0.550000  0.100000  0.000000
  0.575000  0.100000  0.000000
  0.600000  0.100000  0.000000
  0.625000  0.100000  0.000000
  0.650000  0.100000  0.000000
  0.675000  0.100000  0.000000
  0.700000  0.100000  0.000000
  0.725000  0.100000  0.000000
  0.750000  0.100000  0.000000
  0.775000  0.100000  0.000000
  0.800000  0.100000  0.000000
  0.825000  0.100000  0.000000
  0.850000  0.100000  0.000000
  0.875000  0.100000  0.000000
  0.900000  0.100000  0.000000
  0.925000  0.100000  0.000000
  0.950000  0.100000  0.000000
  0.975000  0.100000  0.000000
  1.000000  0.100000  0.000000

  0.000000  0.200000  0.000000
  0.025000  0.200000  0.000000
  0.050000  0.200000  0.000000
  0.075000  0.200000  0.000000
  0.100000  0.200000  0.000000
  0.125000  0.200000  0.000000
  0.150000  0.200000  0.000000
  0.175000  0.200000  0.000000
  0.200000  0.200000  0.000000
  0.225000  0.200000  0.002813
  0.250000  0.200000  0.005000
  0.275000  0.200000  0.006563
  0.300000  0.200000  0.007500
  0.325000  0.200000  0.010625
  0.350000  0.200000  0.012500
  0.375000  0.200000  0.013125
  0.400000  0.200000  0.012500
  0.425000  0.200000  0.010625
  0.450000  0.200000  0.007500
  0.475000  0.200000  0.006562
  0.500000  0.200000  0.005000
  0.525000  0.200000  0.002812
  0.550000  0.200000  0.000000
  0.575000  0.200000  0.000000
  0.600000  0.200000  0.000000
  0.625000  0.200000  0.000000
  0.650000  0.200000  0.000000
  0.675000  0.200000  0.000000
  0.700000  0.200000  0.000000
  0.725000  0.200000  0.000000
  0.750000  0.200000  0.000000
  0.775000  0.200000  0.000000
  0.800000  0.200000  0.000000
  0.825000  0.200000  0.000000
  0.850000  0.200000  0.000000
  0.875000  0.200000  0.000000
  0.900000  0.200000  0.000000
  0.925000  0.200000  0.000000
  0.950000  0.200000  0.000000
  0.975000  0.200000  0.000000
  1.000000  0.200000  0.000000

  0.000000  0.300000  0.000000
  0.025000  0.300000  0.000000
  0.050000  0.300000  0.000000
  0.075000  0.300000  0.000000
  0.100000  0.300000  0.000000
  0.125000  0.300000  0.000000
  0.150000  0.300000  0.000000
  0.175000  0.300000  0.000000
  0.200000  0.300000  0.002813
  0.225000  0.300000  0.005000
  0.250000  0.300000  0.006563
  0.275000  0.300000  0.007500
  0.300000  0.300000  0.007813
  0.325000  0.300000  0.007500
  0.350000  0.300000  0.009375
  0.375000  0.300000  0.010000
  0.400000  0.300000  0.009375
  0.425000  0.300000  0.007500
  0.450000  0.300000  0.007812
  0.475000  0.300000  0.007500
  0.500000  0.300000  0.006562
  0.525000  0.300000  0.005000
  0.550000  0.300000  0.002812
  0.575000  0.300000  0.000000
  0.600000  0.300000  0.000000
  0.625000  0.300000  0.000000
  0.650000  0.300000  0.000000
  0.675000  0.300000  0.000000
  0.700000  0.300000  0.000000
  0.725000  0.300000  0.000000
  0.750000  0.300000  0.000000
  0.775000  0.300000  0.000000
  0.800000  0.300000  0.000000
  0.825000  0.300000  0.000000
  0.850000  0.300000  0.000000
  0.875000  0.300000  0.000000
  0.900000  0.300000  0.000000
  0.925000  0.300000  0.000000
  0.950000  0.300000  0.000000
  0.975000  0.300000  0.000000
  1.000000  0.300000  0.000000

  0.000000  0.400000  0.000000
  0.025000  0.400000  0.000000
  0.050000  0.400000  0.000000
  0.075000  0.400000  0.000000
  0.100000  0.400000  0.000000
  0.125000  0.400000  0.000000
  0.150000  0.400000  0.000000
  0.175000  0.400000  0.002813
  0.200000  0.400000  0.005000
  0.225000  0.400000  0.006563
  0.250000  0.400000  0.007500
  0.275000  0.400000  0.007812
  0.300000  0.400000  0.007500
  0.325000  0.400000  0.006562
  0.350000  0.400000  0.005000
  0.375000  0.400000  0.005625
  0.400000  0.400000  0.005000
  0.425000  0.400000  0.006562
  0.450000  0.400000  0.007500
  0.475000  0.400000  0.007812
  0.500000  0.400000  0.007500
  0.525000  0.400000  0.006562
  0.550000  0.400000  0.005000
  0.575000  0.400000  0.002812
  0.600000  0.400000  0.000000
  0.625000  0.400000  0.000000
  0.650000  0.400000  0.000000
  0.675000  0.400000  0.000000
  0.700000  0.400000  0.000000
  0.725000  0.400000  0.000000
  0.750000  0.400000  0.000000
  0.775000  0.400000  0.000000
  0.800000  0.400000  0.000000
  0.825000  0.400000  0.000000
  0.850000  0.400000  0.000000
  0.875000  0.400000  0.000000
  0.900000  0.400000  0.000000
  0.925000  0.400000  0.000000
  0.950000  0.400000  0.000000
  0.975000  0.400000  0.000000
  1.000000  0.400000  0.000000

  0.000000  0.500000  0.000000
  0.025000  0.500000  0.000000
  0.050000  0.500000  0.000000
  0.075000  0.500000  0.000000
  0.100000  0.500000  0.000000
  0.125000  0.500000  0.000000
  0.150000  0.500000  0.002813
  0.175000  0.500000  0.005000
  0.200000  0.500000  0.006563
  0.225000  0.500000  0.007500
  0.250000  0.500000  0.007812
  0.275000  0.500000  0.007500
  0.300000  0.500000  0.006562
  0.325000  0.500000  0.005000
  0.350000  0.500000  0.002812
  0.375000  0.500000  0.000000
  0.400000  0.500000  0.002813
  0.425000  0.500000  0.005000
  0.450000  0.500000  0.006562
  0.475000  0.500000  0.007500
  0.500000  0.500000  0.007812
  0.525000  0.500000  0.007500
  0.550000  0.500000  0.006562
  0.575000  0.500000  0.005000
  0.600000  0.500000  0.002812
  0.625000  0.500000  0.000000
  0.650000  0.500000  0.000000
  0.675000  0.500000  0.000000
  0.700000  0.500000  0.000000
  0.725000  0.500000  0.000000
  0.750000  0.500000  0.000000
  0.775000  0.500000  0.000000
  0.800000  0.500000  0.000000
  0.825000  0.500000  0.000000
  0.850000  0.500000  0.000000
  0.875000  0.500000  0.000000
  0.900000  0.500000  0.000000
  0.925000  0.500000  0.000000
  0.950000  0.500000  0.000000
  0.975000  0.500000  0.000000
  1.000000  0.500000  0.000000

  0.000000  0.600000  0.000000
  0.025000  0.600000  0.000000
  0.050000  0.600000  0.000000
  0.075000  0.600000  0.000000
  0.100000  0.600000  0.000000
  0.125000  0.600000  0.002813
  0.150000  0.600000  0.005000
  0.175000  0.600000  0.006563
  0.200000  0.600000  0.007500
  0.225000  0.600000  0.007812
  0.250000  0.600000  0.007500
  0.275000  0.600000  0.006562
  0.300000  0.600000  0.005000
  0.325000  0.600000  0.002812
  0.350000  0.600000  0.000000
  0.375000  0.600000  0.000000
  0.400000  0.600000  0.000000
  0.425000  0.600000  0.002812
  0.450000  0.600000  0.005000
  0.475000  0.600000  0.006562
  0.500000  0.600000  0.007500
  0.525000  0.600000  0.007812
  0.550000  0.600000  0.007500
  0.575000  0.600000  0.006562
  0.600000  0.600000  0.005000
  0.625000  0.600000  0.002812
  0.650000  0.600000  0.000000
  0.675000  0.600000  0.000000
  0.700000  0.600000  0.000000
  0.725000  0.600000  0.000000
  0.750000  0.600000  0.000000
  0.775000  0.600000  0.000000
  0.800000  0.600000  0.000000
  0.825000  0.600000  0.000000
  0.850000  0.600000  0.000000
  0.875000  0.600000  0.000000
  0.900000  0.600000  0.000000
  0.925000  0.600000  0.000000
  0.950000  0.600000  0.000000
  0.975000  0.600000  0.000000
  1.000000  0.600000  0.000000

  0.000000  0.700000  0.000000
  0.025000  0.700000  0.000000
  0.050000  0.700000  0.000000
  0.075000  0.700000  0.000000
  0.100000  0.700000  0.002813
  0.125000  0.700000  0.005000
  0.150000  0.700000  0.006563
  0.175000  0.700000  0.007500
  0.200000  0.700000  0.007812
  0.225000  0.700000  0.007500
  0.250000  0.700000  0.006562
  0.275000  0.700000  0.005000
  0.300000  0.700000  0.002812
  0.325000  0.700000  0.000000
  0.350000  0.700000  -0.000000
  0.375000  0.700000  0.000000
  0.400000  0.700000  -0.000000
  0.425000  0.700000  0.000000
  0.450000  0.700000  0.002812
  0.475000  0.700000  0.005000
  0.500000  0.700000  0.006562
  0.525000  0.700000  0.007500
  0.550000  0.700000  0.007812
  0.575000  0.700000  0.007500
  0.600000  0.700000  0.006562
  0.625000  0.700000  0.005000
  0.650000  0.700000  0.002812
  0.675000  0.700000  0.000000
  0.700000  0.700000  0.000000
  0.725000  0.700000  0.000000
  0.750000  0.700000  0.000000
  0.775000  0.700000  0.000000
  0.800000  0.700000  0.000000
  0.825000  0.700000  0.000000
  0.850000  0.700000  0.000000
  0.875000  0.700000  0.000000
  0.900000  0.700000  0.000000
  0.925000  0.700000  0.000000
  0.950000  0.700000  0.000000
  0.975000  0.700000  0.000000
  1.000000  0.700000  0.000000

  0.000000  0.800000  0.000000
  0.025000  0.800000  0.000000
  0.050000  0.800000  0.000000
  0.075000  0.800000  0.002813
  0.100000  0.800000  0.005000
  0.125000  0.800000  0.006563
  0.150000  0.800000  0.007500
  0.175000  0.800000  0.007812
  0.200000  0.800000  0.007500
  0.225000  0.800000  0.006562
  0.250000  0.800000  0.005000
  0.275000  0.800000  0.002812
  0.300000  0.800000  0.000000
  0.325000  0.800000  -0.000000
  0.350000  0.800000  0.000000
  0.375000  0.800000  -0.000000
  0.400000  0.800000  0.000000
  0.425000  0.800000  -0.000000
  0.450000  0.800000  0.000000
  0.475000  0.800000  0.002812
  0.500000  0.800000  0.005000
  0.525000  0.800000  0.006562
  0.550000  0.800000  0.007500
  0.575000  0.800000  0.007812
  0.600000  0.800000  0.007500
  0.625000  0.800000  0.006562
  0.650000  0.800000  0.005000
  0.675000  0.800000  0.002812
  0.700000  0.800000  0.000000
  0.725000  0.800000  0.000000
  0.750000  0.800000  0.000000
  0.775000  0.800000  0.000000
  0.800000  0.800000  0.000000
  0.825000  0.800000  0.000000
  0.850000  0.800000  0.000000
  0.875000  0.800000  0.000000
  0.900000  0.800000  0.000000
  0.925000  0.800000  0.000000
  0.950000  0.800000  0.000000
  0.975000  0.800000  0.000000
  1.000000  0.800000  0.000000

  0.000000  0.900000  0.000000
  0.025000  0.900000  0.000000
  0.050000  0.900000  0.002813
  0.075000  0.900000  0.005000
  0.100000  0.900000  0.006563
  0.125000  0.900000  0.007500
  0.150000  0.900000  0.007812
  0.175000  0.900000  0.007500
  0.200000  0.900000  0.006562
  0.225000  0.900000  0.005000
  0.250000  0.900000  0.002812
  0.275000  0.900000  0.000000
  0.300000  0.900000  -0.000000
  0.325000  0.900000  0.000000
  0.350000  0.900000  -0.000000
  0.375000  0.900000  0.000000
  0.400000  0.900000  -0.000000
  0.425000  0.900000  0.000000
  0.450000  0.900000  -0.000000
  0.475000  0.900000  0.000000
  0.500000  0.900000  0.002812
  0.525000  0.900000  0.005000
  0.550000  0.900000  0.006562
  0.575000  0.900000  0.007500
  0.600000  0.900000  0.007812
  0.625000  0.900000  0.007500
  0.650000  0.900000  0.006562
  0.675000  0.900000  0.005000
  0.700000  0.900000  0.002812
  0.725000  0.900000  0.000000
  0.750000  0.900000  0.000000
  0.775000  0.900000  0.000000
  0.800000  0.900000  0.000000
  0.825000  0.900000  0.000000
  0.850000  0.900000  0.000000
  0.875000  0.900000  0.000000
  0.900000  0.900000  0.000000
  0.925000  0.900000  0.000000
  0.950000  0.900000  0.000000
  0.975000  0.900000  0.000000
  1.000000  0.900000  0.000000

  0.000000  1.000000  0.000000
  0.025000  1.000000  0.002813
  0.050000  1.000000  0.005000
  0.075000  1.000000  0.006563
  0.100000  1.000000  0.007500
  0.125000  1.000000  0.007812
  0.150000  1.000000  0.007500
  0.175000  1.000000  0.006562
  0.200000  1.000000  0.005000
  0.225000  1.000000  0.002812
  0.250000  1.000000  0.000000
  0.275000  1.000000  -0.000000
  0.300000  1.000000  0.000000
  0.325000  1.000000  -0.000000
  0.350000  1.000000  0.000000
  0.375000  1.000000  -0.000000
  0.400000  1.000000  0.000000
  0.425000  1.000000  -0.000000
  0.450000  1.000000  0.000000
  0.475000  1.000000  -0.000000
  0.500000  1.000000  0.000000
  0.525000  1.000000  0.002812
  0.550000  1.000000  0.005000
  0.575000  1.000000  0.006562
  0.600000  1.000000  0.007500
  0.625000  1.000000  0.007812
  0.650000  1.000000  0.007500
  0.675000  1.000000  0.006562
  0.700000  1.000000  0.005000
  0.725000  1.000000  0.002812
  0.750000  1.000000  0.000000
  0.775000  1.000000  0.000000
  0.800000  1.000000  0.000000
  0.825000  1.000000  0.000000
  0.850000  1.000000  0.000000
  0.875000  1.000000  0.000000
  0.900000  1.000000  0.000000
  0.925000  1.000000  0.000000
  0.950000  1.000000  0.000000
  0.975000  1.000000  0.000000
  1.000000  1.000000  0.000000

  0.000000  1.100000  0.000000
  0.025000  1.100000  0.005000
  0.050000  1.100000  0.006563
  0.075000  1.100000  0.007500
  0.100000  1.100000  0.007812
  0.125000  1.100000  0.007500
  0.150000  1.100000  0.006562
  0.175000  1.100000  0.005000
  0.200000  1.100000  0.002812
  0.225000  1.100000  0.000000
  0.250000  1.100000  -0.000000
  0.275000  1.100000  0.000000
  0.300000  1.100000  -0.000000
  0.325000  1.100000  0.000000
  0.350000  1.100000  -0.000000
  0.375000  1.100000  0.000000
  0.400000  1.100000  -0.000000
  0.425000  1.100000  0.000000
  0.450000  1.100000  -0.000000
  0.475000  1.100000  0.000000
  0.500000  1.100000  -0.000000
  0.525000  1.100000  0.000000
  0.550000  1.100000  0.002812
  0.575000  1.100000  0.005000
  0.600000  1.100000  0.006562
  0.625000  1.100000  0.007500
  0.650000  1.100000  0.007812
  0.675000  1.100000  0.007500
  0.700000  1.100000  0.006562
  0.725000  1.100000  0.005000
  0.750000  1.100000  0.002812
  0.775000  1.100000  0.000000
  0.800000  1.100000  0.000000
  0.825000  1.100000  0.000000
  0.850000  1.100000  0.000000
  0.875000  1.100000  0.000000
  0.900000  1.100000  0.000000
  0.925000  1.100000  0.000000
  0.950000  1.100000  0.000000
  0.975000  1.100000  0.000000
  1.000000  1.100000  0.000000

  0.000000  1.200000  0.000000
  0.025000  1.200000  0.003750
  0.050000  1.200000  0.007500
  0.075000  1.200000  0.007812
  0.100000  1.200000  0.007500
  0.125000  1.200000  0.006562
  0.150000  1.200000  0.005000
  0.175000  1.200000  0.002812
  0.200000  1.200000  0.000000
  0.225000  1.200000  -0.000000
  0.250000  1.200000  0.000000
  0.275000  1.200000  -0.000000
  0.300000  1.200000  0.000000
  0.325000  1.200000  -0.000000
  0.350000  1.200000  0.000000
  0.375000  1.200000  -0.000000
  0.400000  1.200000  0.000000
  0.425000  1.200000  -0.000000
  0.450000  1.200000  0.000000
  0.475000  1.200000  -0.000000
  0.500000  1.200000  0.000000
  0.525000  1.200000  -0.000000
  0.550000  1.200000  0.000000
  0.575000  1.200000  0.002812
  0.600000  1.200000  0.005000
  0.625000  1.200000  0.006562
  0.650000  1.200000  0.007500
  0.675000  1.200000  0.007812
  0.700000  1.200000  0.007500
  0.725000  1.200000  0.006562
  0.750000  1.200000  0.005000
  0.775000  1.200000  0.002812
  0.800000  1.200000  0.000000
  0.825000  1.200000  0.000000
  0.850000  1.200000  0.000000
  0.875000  1.200000  0.000000
  0.900000  1.200000  0.000000
  0.925000  1.200000  0.000000
  0.950000  1.200000  0.000000
  0.975000  1.200000  0.000000
  1.000000  1.200000  0.000000

  0.000000  1.300000  0.000000
  0.025000  1.300000  0.002500
  0.050000  1.300000  0.005000
  0.075000  1.300000  0.007500
  0.100000  1.300000  0.006562
  0.125000  1.300000  0.005000
  0.150000  1.300000  0.002812
  0.175000  1.300000  0.000000
  0.200000  1.300000  -0.000000
  0.225000  1.300000  0.000000
  0.250000  1.300000  -0.000000
  0.275000  1.300000  0.000000
  0.300000  1.300000  -0.000000
  0.325000  1.300000  0.000000
  0.350000  1.300000  -0.000000
  0.375000  1.300000  0.000000
  0.400000  1.300000  -0.000000
  0.425000  1.300000  0.000000
  0.450000  1.300000  -0.000000
  0.475000  1.300000  0.000000
  0.500000  1.300000  -0.000000
  0.525000  1.300000  0.000000
  0.550000  1.300000  -0.000000
  0.575000  1.300000  0.000000
  0.600000  1.300000  0.002812
  0.625000  1.300000  0.005000
  0.650000  1.300000  0.006562
  0.675000  1.300000  0.007500
  0.700000  1.300000  0.007812
  0.725000  1.300000  0.007500
  0.750000  1.300000  0.006562
  0.775000  1.300000  0.005000
  0.800000  1.300000  0.002812
  0.825000  1.300000  0.000000
  0.850000  1.300000  0.000000
  0.875000  1.300000  0.000000
  0.900000  1.300000  0.000000
  0.925000  1.300000  0.000000
  0.950000  1.300000  0.000000
  0.975000  1.300000  0.000000
  1.000000  1.300000  0.000000

  0.000000  1.400000  0.000000
  0.025000  1.400000  0.001250
  0.050000  1.400000  0.002500
  0.075000  1.400000  0.003750
  0.100000  1.400000  0.005000
  0.125000  1.400000  0.002812
  0.150000  1.400000  0.000000
  0.175000  1.400000  -0.000000
  0.200000  1.400000  0.000000
  0.225000  1.400000  -0.000000
  0.250000  1.400000  0.000000
  0.275000  1.400000  -0.000000
  0.300000  1.400000  0.000000
  0.325000  1.400000  -0.000000
  0.350000  1.400000  0.000000
  0.375000  1.400000  -0.000000
  0.400000  1.400000  0.000000
  0.425000  1.400000  -0.000000
  0.450000  1.400000  0.000000
  0.475000  1.400000  -0.000000
  0.500000  1.400000  0.000000
  0.525000  1.400000  -0.000000
  0.550000  1.400000  0.000000
  0.575000  1.400000  -0.000000
  0.600000  1.400000  0.000000
  0.625000  1.400000  0.002812
  0.650000  1.400000  0.005000
  0.675000  1.400000  0.006562
  0.700000  1.400000  0.007500
  0.725000  1.400000  0.007812
  0.750000  1.400000  0.007500
  0.775000  1.400000  0.006562
  0.800000  1.400000  0.005000
  0.825000  1.400000  0.002812
  0.850000  1.400000  0.000000
  0.875000  1.400000  0.000000
  0.900000  1.400000  0.000000
  0.925000  1.400000  0.000000
  0.950000  1.400000  0.000000
  0.975000  1.400000  0.000000
  1.000000  1.400000  0.000000

  0.000000  1.500000  0.000000
  0.025000  1.500000  -0.000000
  0.050000  1.500000  -0.000000
  0.075000  1.500000  -0.000000
  0.100000  1.500000  -0.000000
  0.125000  1.500000  0.000000
  0.150000  1.500000  -0.000000
  0.175000  1.500000  0.000000
  0.200000  1.500000  -0.000000
  0.225000  1.500000  0.000000
  0.250000  1.500000  -0.000000
  0.275000  1.500000  0.000000
  0.300000  1.500000  -0.000000
  0.325000  1.500000  0.000000
  0.350000  1.500000  -0.000000
  0.375000  1.500000  0.000000
  0.400000  1.500000  -0.000000
  0.425000  1.500000  0.000000
  0.450000  1.500000  -0.000000
  0.475000  1.500000  0.000000
  0.500000  1.500000  -0.000000
  0.525000  1.500000  0.000000
  0.550000  1.500000  -0.000000
  0.575000  1.500000  0.000000
  0.600000  1.500000  -0.000000
  0.625000  1.500000  0.000000
  0.650000  1.500000  0.002812
  0.675000  1.500000  0.005000
  0.700000  1.500000  0.006562
  0.725000  1.500000  0.007500
  0.750000  1.500000  0.007812
  0.775000  1.500000  0.007500
  0.800000  1.500000  0.006562
  0.825000  1.500000  0.005000
  0.850000  1.500000  0.002812
  0.875000  1.500000  0.000000
  0.900000  1.500000  0.000000
  0.925000  1.500000  0.000000
  0.950000  1.500000  0.000000
  0.975000  1.500000  0.000000
  1.000000  1.500000  0.000000

  0.000000  1.600000  0.000000
  0.025000  1.600000  -0.001250
  0.050000  1.600000  -0.002500
  0.075000  1.600000  -0.003750
  0.100000  1.600000  -0.005000
  0.125000  1.600000  -0.002813
  0.150000  1.600000  0.000000
  0.175000  1.600000  -0.000000
  0.200000  1.600000  0.000000
  0.225000  1.600000  -0.000000
  0.250000  1.600000  0.000000
  0.275000  1.600000  -0.000000
  0.300000  1.600000  0.000000
  0.325000  1.600000  -0.000000
  0.350000  1.600000  0.000000
  0.375000  1.600000  -0.000000
  0.400000  1.600000  0.000000
  0.425000  1.600000  -0.000000
  0.450000  1.600000  0.000000
  0.475000  1.600000  -0.000000
  0.500000  1.600000  0.000000
  0.525000  1.600000  -0.000000
  0.550000  1.600000  0.000000
  0.575000  1.600000  -0.000000
  0.600000  1.600000  0.000000
  0.625000  1.600000  -0.000000
  0.650000  1.600000  0.000000
  0.675000  1.600000  0.002812
  0.700000  1.600000  0.005000
  0.725000  1.600000  0.006562
  0.750000  1.600000  0.007500
  0.775000  1.600000  0.007812
  0.800000  1.600000  0.007500
  0.825000  1.600000  0.006562
  0.850000  1.600000  0.005000
  0.875000  1.600000  0.002812
  0.900000  1.600000  0.000000
  0.925000  1.600000  0.000000
  0.950000  1.600000  0.000000
  0.975000  1.600000  0.000000
  1.000000  1.600000  0.000000

  0.000000  1.700000  0.000000
  0.025000  1.700000  -0.002500
  0.050000  1.700000  -0.005000
  0.075000  1.700000  -0.007500
  0.100000  1.700000  -0.006563
  0.125000  1.700000  -0.005000
  0.150000  1.700000  -0.002813
  0.175000  1.700000  0.000000
  0.200000  1.700000  -0.000000
  0.225000  1.700000  0.000000
  0.250000  1.700000  -0.000000
  0.275000  1.700000  0.000000
  0.300000  1.700000  -0.000000
  0.325000  1.700000  0.000000
  0.350000  1.700000  -0.000000
  0.375000  1.700000  0.000000
  0.400000  1.700000  -0.000000
  0.425000  1.700000  0.000000
  0.450000  1.700000  -0.000000
  0.475000  1.700000  0.000000
  0.500000  1.700000  -0.000000
  0.525000  1.700000  0.000000
  0.550000  1.700000  -0.000000
  0.575000  1.700000  0.000000
  0.600000  1.700000  -0.000000
  0.625000  1.700000  0.000000
  0.650000  1.700000  -0.000000
  0.675000  1.700000  0.000000
  0.700000  1.700000  0.002812
  0.725000  1.700000  0.005000
  0.750000  1.700000  0.006562
  0.775000  1.700000  0.007500
  0.800000  1.700000  0.007812
  0.825000  1.700000  0.007500
  0.850000  1.700000  0.006562
  0.875000  1.700000  0.005000
  0.900000  1.700000  0.002812
  0.925000  1.700000  0.000000
  0.950000  1.700000  0.000000
  0.975000  1.700000  0.000000
  1.000000  1.700000  0.000000

  0.000000  1.800000  0.000000
  0.025000  1.800000  -0.003750
  0.050000  1.800000  -0.007500
  0.075000  1.800000  -0.007813
  0.100000  1.800000  -0.007500
  0.125000  1.800000  -0.006563
  0.150000  1.800000  -0.005000
  0.175000  1.800000  -0.002813
  0.200000  1.800000  0.000000
  0.225000  1.800000  -0.000000
  0.250000  1.800000  0.000000
  0.275000  1.800000  -0.000000
  0.300000  1.800000  0.000000
  0.325000  1.800000  -0.000000
  0.350000  1.800000  0.000000
  0.375000  1.800000  -0.000000
  0.400000  1.800000  0.000000
  0.425000  1.800000  -0.000000
  0.450000  1.800000  0.000000
  0.475000  1.800000  -0.000000
  0.500000  1.800000  0.000000
  0.525000  1.800000  -0.000000
  0.550000  1.800000  0.000000
  0.575000  1.800000  -0.000000
  0.600000  1.800000  0.000000
  0.625000  1.800000  -0.000000
  0.650000  1.800000  0.000000
  0.675000  1.800000  -0.000000
  0.700000  1.800000  0.000000
  0.725000  1.800000  0.002812
  0.750000  1.800000  0.005000
  0.775000  1.800000  0.006562
  0.800000  1.800000  0.007500
  0.825000  1.800000  0.007812
  0.850000  1.800000  0.007500
  0.875000  1.800000  0.006562
  0.900000  1.800000  0.005000
  0.925000  1.800000  0.002812
  0.950000  1.800000  0.000000
  0.975000  1.800000  0.000000
  1.000000  1.800000  0.000000

  0.000000  1.900000  0.000000
  0.025000  1.900000  -0.005000
  0.050000  1.900000  -0.006562
  0.075000  1.900000  -0.007500
  0.100000  1.900000  -0.007813
  0.125000  1.900000  -0.007500
  0.150000  1.900000  -0.006563
  0.175000  1.900000  -0.005000
  0.200000  1.900000  -0.002813
  0.225000  1.900000  0.000000
  0.250000  1.900000  -0.000000
  0.275000  1.900000  0.000000
  0.300000  1.900000  -0.000000
  0.325000  1.900000  0.000000
  0.350000  1.900000  -0.000000
  0.375000  1.900000  0.000000
  0.400000  1.900000  -0.000000
  0.425000  1.900000  0.000000
  0.450000  1.900000  -0.000000
  0.475000  1.900000  0.000000
  0.500000  1.900000  -0.000000
  0.525000  1.900000  0.000000
  0.550000  1.900000  -0.000000
  0.575000  1.900000  0.000000
  0.600000  1.900000  -0.000000
  0.625000  1.900000  0.000000
  0.650000  1.900000  -0.000000
  0.675000  1.900000  0.000000
  0.700000  1.900000  -0.000000
  0.725000  1.900000  0.000000
  0.750000  1.900000  0.002812
  0.775000  1.900000  0.005000
  0.800000  1.900000  0.006562
  0.825000  1.900000  0.007500
  0.850000  1.900000  0.007812
  0.875000  1.900000  0.007500
  0.900000  1.900000  0.006562
  0.925000  1.900000  0.005000
  0.950000  1.900000  0.002812
  0.975000  1.900000  0.000000
  1.000000  1.900000  0.000000

  0.000000  2.000000  0.000000
  0.025000  2.000000  -0.002812
  0.050000  2.000000  -0.005000
  0.075000  2.000000  -0.006563
  0.100000  2.000000  -0.007500
  0.125000  2.000000  -0.007813
  0.150000  2.000000  -0.007500
  0.175000  2.000000  -0.006563
  0.200000  2.000000  -0.005000
  0.225000  2.000000  -0.002813
  0.250000  2.000000  0.000000
  0.275000  2.000000  -0.000000
  0.300000  2.000000  0.000000
  0.325000  2.000000  -0.000000
  0.350000  2.000000  0.000000
  0.375000  2.000000  -0.000000
  0.400000  2.000000  0.000000
  0.425000  2.000000  -0.000000
  0.450000  2.000000  0.000000
  0.475000  2.000000  -0.000000
  0.500000  2.000000  0.000000
  0.525000  2.000000  -0.000000
  0.550000  2.000000  0.000000
  0.575000  2.000000  -0.000000
  0.600000  2.000000  0.000000
  0.625000  2.000000  -0.000000
  0.650000  2.000000  0.000000
  0.675000  2.000000  -0.000000
  0.700000  2.000000  0.000000
  0.725000  2.000000  -0.000000
  0.750000  2.000000  0.000000
  0.775000  2.000000  0.002812
  0.800000  2.000000  0.005000
  0.825000  2.000000  0.006562
  0.850000  2.000000  0.007500
  0.875000  2.000000  0.007812
  0.900000  2.000000  0.007500
  0.925000  2.000000  0.006562
  0.950000  2.000000  0.005000
  0.975000  2.000000  0.002812
  1.000000  2.000000  0.000000

  0.000000  2.100000  0.000000
  0.025000  2.100000  0.000000
  0.050000  2.100000  -0.002812
  0.075000  2.100000  -0.005000
  0.100000  2.100000  -0.006563
  0.125000  2.100000  -0.007500
  0.150000  2.100000  -0.007813
  0.175000  2.100000  -0.007500
  0.200000  2.100000  -0.006563
  0.225000  2.100000  -0.005000
  0.250000  2.100000  -0.002813
  0.275000  2.100000  0.000000
  0.300000  2.100000  -0.000000
  0.325000  2.100000  0.000000
  0.350000  2.100000  -0.000000
  0.375000  2.100000  0.000000
  0.400000  2.100000  -0.000000
  0.425000  2.100000  0.000000
  0.450000  2.100000  -0.000000
  0.475000  2.100000  0.000000
  0.500000  2.100000  -0.000000
  0.525000  2.100000  0.000000
  0.550000  2.100000  -0.000000
  0.575000  2.100000  0.000000
  0.600000  2.100000  -0.000000
  0.625000  2.100000  0.000000
  0.650000  2.100000  -0.000000
  0.675000  2.100000  0.000000
  0.700000  2.100000  -0.000000
  0.725000  2.100000  0.000000
  0.750000  2.100000  -0.000000
  0.775000  2.100000  0.000000
  0.800000  2.100000  0.002812
  0.825000  2.100000  0.005000
  0.850000  2.100000  0.006562
  0.875000  2.100000  0.007500
  0.900000  2.100000  0.007812
  0.925000  2.100000  0.007500
  0.950000  2.100000  0.006562
  0.975000  2.100000  0.005000
  1.000000  2.100000  0.000000

  0.000000  2.200000  0.000000
  0.025000  2.200000  -0.000000
  0.050000  2.200000  0.000000
  0.075000  2.200000  -0.002812
  0.100000  2.200000  -0.005000
  0.125000  2.200000  -0.006563
  0.150000  2.200000  -0.007500
  0.175000  2.200000  -0.007813
  0.200000  2.200000  -0.007500
  0.225000  2.200000  -0.006563
  0.250000  2.200000  -0.005000
  0.275000  2.200000  -0.002813
  0.300000  2.200000  0.000000
  0.325000  2.200000  -0.000000
  0.350000  2.200000  0.000000
  0.375000  2.200000  -0.000000
  0.400000  2.200000  0.000000
  0.425000  2.200000  -0.000000
  0.450000  2.200000  0.000000
  0.475000  2.200000  -0.000000
  0.500000  2.200000  0.000000
  0.525000  2.200000  -0.000000
  0.550000  2.200000  0.000000
  0.575000  2.200000  -0.000000
  0.600000  2.200000  0.000000
  0.625000  2.200000  -0.000000
  0.650000  2.200000  0.000000
  0.675000  2.200000  -0.000000
  0.700000  2.200000  0.000000
  0.725000  2.200000  -0.000000
  0.750000  2.200000  0.000000
  0.775000  2.200000  -0.000000
  0.800000  2.200000  0.000000
  0.825000  2.200000  0.002812
  0.850000  2.200000  0.005000
  0.875000  2.200000  0.006562
  0.900000  2.200000  0.007500
  0.925000  2.200000  0.007812
  0.950000  2.200000  0.007500
  0.975000  2.200000  0.003750
  1.000000  2.200000  0.000000

  0.000000  2.300000  0.000000
  0.025000  2.300000  0.000000
  0.050000  2.300000  -0.000000
  0.075000  2.300000  0.000000
  0.100000  2.300000  -0.002813
  0.125000  2.300000  -0.005000
  0.150000  2.300000  -0.006563
  0.175000  2.300000  -0.007500
  0.200000  2.300000  -0.007813
  0.225000  2.300000  -0.007500
  0.250000  2.300000  -0.006563
  0.275000  2.300000  -0.005000
  0.300000  2.300000  -0.002813
  0.325000  2.300000  0.000000
  0.350000  2.300000  -0.000000
  0.375000  2.300000  0.000000
  0.400000  2.300000  -0.000000
  0.425000  2.300000  0.000000
  0.450000  2.300000  -0.000000
  0.475000  2.300000  0.000000
  0.500000  2.300000  -0.000000
  0.525000  2.300000  0.000000
  0.550000  2.300000  -0.000000
  0.575000  2.300000  0.000000
  0.600000  2.300000  -0.000000
  0.625000  2.300000  0.000000
  0.650000  2.300000  -0.000000
  0.675000  2.300000  0.000000
  0.700000  2.300000  -0.000000
  0.725000  2.300000  0.000000
  0.750000  2.300000  -0.000000
  0.775000  2.300000  0.000000
  0.800000  2.300000  -0.000000
  0.825000  2.300000  0.000000
  0.850000  2.300000  0.002812
  0.875000  2.300000  0.005000
  0.900000  2.300000  0.006562
  0.925000  2.300000  0.007500
  0.950000  2.300000  0.005000
  0.975000  2.300000  0.002500
  1.000000  2.300000  0.000000

  0.000000  2.400000  0.000000
  0.025000  2.400000  0.000000
  0.050000  2.400000  0.000000
  0.075000  2.400000  -0.000000
  0.100000  2.400000  0.000000
  0.125000  2.400000  -0.002813
  0.150000  2.400000  -0.005000
  0.175000  2.400000  -0.006563
  0.200000  2.400000  -0.007500
  0.225000  2.400000  -0.007813
  0.250000  2.400000  -0.007500
  0.275000  2.400000  -0.006563
  0.300000  2.400000  -0.005000
  0.325000  2.400000  -0.002813
  0.350000  2.400000  0.000000
  0.375000  2.400000  -0.000000
  0.400000  2.400000  0.000000
  0.425000  2.400000  -0.000000
  0.450000  2.400000  0.000000
  0.475000  2.400000  -0.000000
  0.500000  2.400000  0.000000
  0.525000  2.400000  -0.000000
  0.550000  2.400000  0.000000
  0.575000  2.400000  -0.000000
  0.600000  2.400000  0.000000
  0.625000  2.400000  -0.000000
  0.650000  2.400000  0.000000
  0.675000  2.400000  -0.000000
  0.700000  2.400000  0.000000
  0.725000  2.400000  -0.000000
  0.750000  2.400000  0.000000
  0.775000  2.400000  -0.000000
  0.800000  2.400000  0.000000
  0.825000  2.400000  -0.000000
  0.850000  2.400000  0.000000
  0.875000  2.400000  0.002812
  0.900000  2.400000  0.005000
  0.925000  2.400000  0.003750
  0.950000  2.400000  0.002500
  0.975000  2.400000  0.001250
  1.000000  2.400000  0.000000

  0.000000  2.500000  0.000000
  0.025000  2.500000  0.000000
  0.050000  2.500000  -0.000000
  0.075000  2.500000  0.000000
  0.100000  2.500000  -0.000000
  0.125000  2.500000  0.000000
  0.150000  2.500000  -0.002813
  0.175000  2.500000  -0.005000
  0.200000  2.500000  -0.006563
  0.225000  2.500000  -0.007500
  0.250000  2.500000  -0.007813
  0.275000  2.500000  -0.007500
  0.300000  2.500000  -0.006563
  0.325000  2.500000  -0.005000
  0.350000  2.500000  -0.002813
  0.375000  2.500000  0.000000
  0.400000  2.500000  -0.000000
  0.425000  2.500000  0.000000
  0.450000  2.500000  -0.000000
  0.475000  2.500000  0.000000
  0.500000  2.500000  -0.000000
  0.525000  2.500000  0.000000
  0.550000  2.500000  -0.000000
  0.575000  2.500000  0.000000
  0.600000  2.500000  -0.000000
  0.625000  2.500000  0.000000
  0.650000  2.500000  -0.000000
  0.675000  2.500000  0.000000
  0.700000  2.500000  -0.000000
  0.725000  2.500000  0.000000
  0.750000  2.500000  -0.000000
  0.775000  2.500000  0.000000
  0.800000  2.500000  -0.000000
  0.825000  2.500000  0.000000
  0.850000  2.500000  -0.000000
  0.875000  2.500000  0.000000
  0.900000  2.500000  0.000000
  0.925000  2.500000  0.000000
  0.950000  2.500000  -0.000000
  0.975000  2.500000  -0.000000
  1.000000  2.500000  0.000000

  0.000000  2.600000  0.000000
  0.025000  2.600000  -0.000000
  0.050000  2.600000  0.000000
  0.075000  2.600000  -0.000000
  0.100000  2.600000  0.000000
  0.125000  2.600000  -0.000000
  0.150000  2.600000  0.000000
  0.175000  2.600000  -0.002813
  0.200000  2.600000  -0.005000
  0.225000  2.600000  -0.006563
  0.250000  2.600000  -0.007500
  0.275000  2.600000  -0.007813
  0.300000  2.600000  -0.007500
  0.325000  2.600000  -0.006563
  0.350000  2.600000  -0.005000
  0.375000  2.600000  -0.002813
  0.400000  2.600000  0.000000
  0.425000  2.600000  -0.000000
  0.450000  2.600000  0.000000
  0.475000  2.600000  -0.000000
  0.500000  2.600000  0.000000
  0.525000  2.600000  -0.000000
  0.550000  2.600000  0.000000
  0.575000  2.600000  -0.000000
  0.600000  2.600000  0.000000
  0.625000  2.600000  -0.000000
  0.650000  2.600000  0.000000
  0.675000  2.600000  -0.000000
  0.700000  2.600000  0.000000
  0.725000  2.600000  -0.000000
  0.750000  2.600000  0.000000
  0.775000  2.600000  -0.000000
  0.800000  2.600000  0.000000
  0.825000  2.600000  -0.000000
  0.850000  2.600000  0.000000
  0.875000  2.600000  -0.002813
  0.900000  2.600000  -0.005000
  0.925000  2.600000  -0.003750
  0.950000  2.600000  -0.002500
  0.975000  2.600000  -0.001250
  1.000000  2.600000  0.000000

  0.000000  2.700000  0.000000
  0.025000  2.700000  0.000000
  0.050000  2.700000  -0.000000
  0.075000  2.700000  0.000000
  0.100000  2.700000  -0.000000
  0.125000  2.700000  0.000000
  0.150000  2.700000  -0.000000
  0.175000  2.700000  0.000000
  0.200000  2.700000  -0.002813
  0.225000  2.700000  -0.005000
  0.250000  2.700000  -0.006563
  0.275000  2.700000  -0.007500
  0.300000  2.700000  -0.007813
  0.325000  2.700000  -0.007500
  0.350000  2.700000  -0.006563
  0.375000  2.700000  -0.005000
  0.400000  2.700000  -0.002813
  0.425000  2.700000  0.000000
  0.450000  2.700000  -0.000000
  0.475000  2.700000  0.000000
  0.500000  2.700000  -0.000000
  0.525000  2.700000  0.000000
  0.550000  2.700000  -0.000000
  0.575000  2.700000  0.000000
  0.600000  2.700000  -0.000000
  0.625000  2.700000  0.000000
  0.650000  2.700000  -0.000000
  0.675000  2.700000  0.000000
  0.700000  2.700000  -0.000000
  0.725000  2.700000  0.000000
  0.750000  2.700000  -0.000000
  0.775000  2.700000  0.000000
  0.800000  2.700000  -0.000000
  0.825000  2.700000  0.000000
  0.850000  2.700000  -0.002813
  0.875000  2.700000  -0.005000
  0.900000  2.700000  -0.006563
  0.925000  2.700000  -0.007500
  0.950000  2.700000  -0.005000
  0.975000  2.700000  -0.002500
  1.000000  2.700000  0.000000

  0.000000  2.800000  0.000000
  0.025000  2.800000  -0.000000
  0.050000  2.800000  0.000000
  0.075000  2.800000  -0.000000
  0.100000  2.800000  0.000000
  0.125000  2.800000  -0.000000
  0.150000  2.800000  0.000000
  0.175000  2.800000  -0.000000
  0.200000  2.800000  0.000000
  0.225000  2.800000  -0.002813
  0.250000  2.800000  -0.005000
  0.275000  2.800000  -0.006563
  0.300000  2.800000  -0.007500
  0.325000  2.800000  -0.007813
  0.350000  2.800000  -0.007500
  0.375000  2.800000  -0.006563
  0.400000  2.800000  -0.005000
  0.425000  2.800000  -0.002813
  0.450000  2.800000  0.000000
  0.475000  2.800000  -0.000000
  0.500000  2.800000  0.000000
  0.525000  2.800000  -0.000000
  0.550000  2.800000  0.000000
  0.575000  2.800000  -0.000000
  0.600000  2.800000  0.000000
  0.625000  2.800000  -0.000000
  0.650000  2.800000  0.000000
  0.675000  2.800000  -0.000000
  0.700000  2.800000  0.000000
  0.725000  2.800000  -0.000000
  0.750000  2.800000  0.000000
  0.775000  2.800000  -0.000000
  0.800000  2.800000  0.000000
  0.825000  2.800000  -0.002813
  0.850000  2.800000  -0.005000
  0.875000  2.800000  -0.006563
  0.900000  2.800000  -0.007500
  0.925000  2.800000  -0.007813
  0.950000  2.800000  -0.007500
  0.975000  2.800000  -0.003750
  1.000000  2.800000  0.000000

  0.000000  2.900000  0.000000
  0.025000  2.900000  0.000000
  0.050000  2.900000  -0.000000
  0.075000  2.900000  0.000000
  0.100000  2.900000  -0.000000
  0.125000  2.900000  0.000000
  0.150000  2.900000  -0.000000
  0.175000  2.900000  0.000000
  0.200000  2.900000  -0.000000
  0.225000  2.900000  0.000000
  0.250000  2.900000  -0.002813
  0.275000  2.900000  -0.005000
  0.300000  2.900000  -0.006563
  0.325000  2.900000  -0.007500
  0.350000  2.900000  -0.007813
  0.375000  2.900000  -0.007500
  0.400000  2.900000  -0.006563
  0.425000  2.900000  -0.005000
  0.450000  2.900000  -0.002813
  0.475000  2.900000  0.000000
  0.500000  2.900000  -0.000000
  0.525000  2.900000  0.000000
  0.550000  2.900000  -0.000000
  0.575000  2.900000  0.000000
  0.600000  2.900000  -0.000000
  0.625000  2.900000  0.000000
  0.650000  2.900000  -0.000000
  0.675000  2.900000  0.000000
  0.700000  2.900000  -0.000000
  0.725000  2.900000  0.000000
  0.750000  2.900000  -0.000000
  0.775000  2.900000  0.000000
  0.800000  2.900000  -0.002813
  0.825000  2.900000  -0.005000
  0.850000  2.900000  -0.006563
  0.875000  2.900000  -0.007500
  0.900000  2.900000  -0.007813
  0.925000  2.900000  -0.007500
  0.950000  2.900000  -0.006562
  0.975000  2.900000  -0.005000
  1.000000  2.900000  0.000000

  0.000000  3.000000  0.000000
  0.025000  3.000000  0.000000
  0.050000  3.000000  0.000000
  0.075000  3.000000  -0.000000
  0.100000  3.000000  0.000000
  0.125000  3.000000  -0.000000
  0.150000  3.000000  0.000000
  0.175000  3.000000  -0.000000
  0.200000  3.000000  0.000000
  0.225000  3.000000  -0.000000
  0.250000  3.000000  0.000000
  0.275000  3.000000  -0.002813
  0.300000  3.000000  -0.005000
  0.325000  3.000000  -0.006563
  0.350000  3.000000  -0.007500
  0.375000  3.000000  -0.007813
  0.400000  3.000000  -0.007500
  0.425000  3.000000  -0.006563
  0.450000  3.000000  -0.005000
  0.475000  3.000000  -0.002813
  0.500000  3.000000  0.000000
  0.525000  3.000000  -0.000000
  0.550000  3.000000  0.000000
  0.575000  3.000000  -0.000000
  0.600000  3.000000  0.000000
  0.625000  3.000000  -0.000000
  0.650000  3.000000  0.000000
  0.675000  3.000000  -0.000000
  0.700000  3.000000  0.000000
  0.725000  3.000000  -0.000000
  0.750000  3.000000  0.000000
  0.775000  3.000000  -0.002813
  0.800000  3.000000  -0.005000
  0.825000  3.000000  -0.006563
  0.850000  3.000000  -0.007500
  0.875000  3.000000  -0.007813
  0.900000  3.000000  -0.007500
  0.925000  3.000000  -0.006562
  0.950000  3.000000  -0.005000
  0.975000  3.000000  -0.002813
  1.000000  3.000000  0.000000

