30 July 2011 02:29:37 PM

FFTW3_PRB
  C version
  Test the FFTW3 library.

TEST01
  Demonstrate FFTW3 on a single vector of complex data.

  Transform data to FFT coefficients.
  Backtransform FFT coefficients to recover data.
  Compare recovered data to original data.

  Input Data:

    0      0.218418      0.956318
    1      0.829509      0.561695
    2      0.415307      0.066119
    3      0.257578      0.109957
    4      0.043829      0.633966
    5      0.061727      0.449539
    6      0.401306      0.754673
    7      0.797287      0.001838
    8      0.897504      0.350752
    9      0.094545      0.013617
   10      0.859097      0.840847
   11      0.123104      0.007512
   12      0.260303      0.912484
   13      0.113664      0.351629
   14      0.822887      0.267132
   15      0.692066      0.561662
   16      0.861216      0.453794
   17      0.911977      0.597917
   18      0.188955      0.761492
   19      0.396988      0.185314
   20      0.574366      0.367027
   21      0.617205      0.361529
   22      0.212930      0.714471
   23      0.117707      0.299329
   24      0.825003      0.824660
   25      0.061862      0.710781
   26      0.088283      0.777994
   27      0.745303      0.308675
   28      0.899373      0.763537
   29      0.761731      0.406970
   30      0.938749      0.562088
   31      0.017820      0.501103
   32      0.041909      0.368851
   33      0.271724      0.858573
   34      0.029037      0.017442
   35      0.152384      0.114319
   36      0.353907      0.119308
   37      0.206653      0.212924
   38      0.612948      0.809519
   39      0.587090      0.215492
   40      0.768056      0.723297
   41      0.448019      0.855176
   42      0.945017      0.909057
   43      0.519726      0.030195
   44      0.481067      0.292313
   45      0.902640      0.667842
   46      0.412278      0.156948
   47      0.833282      0.964404
   48      0.740790      0.456099
   49      0.653561      0.406827
   50      0.540539      0.832281
   51      0.145756      0.717128
   52      0.775651      0.362262
   53      0.531111      0.379977
   54      0.269285      0.877418
   55      0.761285      0.913675
   56      0.135794      0.291195
   57      0.118211      0.771781
   58      0.320633      0.877413
   59      0.679476      0.949176
   60      0.793361      0.021366
   61      0.102278      0.991406
   62      0.563260      0.704528
   63      0.994146      0.604334
   64      0.046145      0.562029
   65      0.021515      0.609135
   66      0.728789      0.748407
   67      0.469634      0.135194
   68      0.202348      0.860120
   69      0.040624      0.773973
   70      0.155941      0.895727
   71      0.487127      0.148682
   72      0.893345      0.445207
   73      0.599347      0.228689
   74      0.572300      0.639618
   75      0.065985      0.002120
   76      0.629405      0.412842
   77      0.628397      0.469879
   78      0.258509      0.754493
   79      0.768513      0.403978
   80      0.660236      0.584298
   81      0.304735      0.684345
   82      0.780800      0.910878
   83      0.131231      0.595555
   84      0.490323      0.854159
   85      0.848580      0.083143
   86      0.383972      0.411112
   87      0.565026      0.394392
   88      0.538036      0.775243
   89      0.509806      0.305324
   90      0.584076      0.559778
   91      0.195029      0.856103
   92      0.529502      0.344293
   93      0.530101      0.406241
   94      0.692814      0.121905
   95      0.858971      0.722382
   96      0.079996      0.492085
   97      0.466644      0.878359
   98      0.584231      0.173778
   99      0.684731      0.278111

  Output FFT Coefficients:

    0     47.785234     51.430522
    1     -2.429304     -2.826312
    2      2.546269      1.571756
    3     -7.565391     -2.514134
    4      0.912912      2.942644
    5      2.476492      0.656049
    6     -3.144399      3.605560
    7     -0.451013      0.833279
    8      2.559623     -2.618769
    9     -3.030732      1.692149
   10      1.682785      5.021275
   11      1.539067     -1.223643
   12     -3.543068      1.556803
   13      4.273881     -0.010262
   14      1.145231     -6.778779
   15      2.489257     -4.363219
   16     -3.064499      1.870529
   17     -0.081786      0.771112
   18      2.618612      1.278051
   19      0.844664      3.070383
   20      0.376133      1.140074
   21      3.152280     -2.308532
   22      1.465032      5.558128
   23     -5.440204      2.919661
   24     -0.874823      4.625979
   25      3.394580     -0.506541
   26     -1.550781      0.793952
   27     -2.528272      0.801892
   28      0.088131      1.847280
   29      2.223764     -0.547997
   30      4.062925     -0.732672
   31     -4.273813     -1.477945
   32     -2.239443      0.317919
   33      0.473568      2.313290
   34      2.025860      0.306722
   35     -1.021973     -0.989801
   36     -1.687137      4.176329
   37     -0.110032     -5.406885
   38      2.595843     -1.380120
   39     -3.079368      1.616206
   40      3.981117      4.999133
   41      1.205008      0.442636
   42     -0.314591      2.318644
   43      3.285510     -1.947855
   44     -6.653686     -1.490223
   45     -6.014112     -1.550276
   46     -2.747802      1.092177
   47     -5.544539      1.113874
   48     -3.548682     -3.706743
   49     -0.827602      3.907255
   50      2.418416      5.314725
   51      0.403194      1.882012
   52     -0.909613     -4.777365
   53      4.253318     -3.038361
   54     -1.551647     -1.262853
   55      0.908485     -1.939390
   56      1.099085     -1.128378
   57     -5.395436      2.787965
   58      3.167096      2.148088
   59     -4.577521     -0.271983
   60      2.534466     -0.994922
   61      0.956924      0.191671
   62      4.438271      2.117064
   63     -1.838334      2.271557
   64     -1.575808     -1.507053
   65     -2.726363     -2.553956
   66     -2.278873      4.569461
   67      1.596584      0.868068
   68     -3.658501      4.424268
   69     -1.686867      6.821816
   70     -2.172630     -2.217908
   71      3.485498      3.762868
   72     -6.055018     -3.677399
   73      4.148122     -0.857872
   74     -2.929188      4.261791
   75     -2.638695     -3.328696
   76      0.705527      4.979586
   77     -5.488660     -0.239471
   78     -5.334473      2.144397
   79      0.320416      1.888679
   80     -2.077682     -0.686681
   81     -1.329920      1.902408
   82      0.936421      1.656089
   83      1.507957      3.629370
   84     -3.650709      0.305430
   85      3.580986      1.934473
   86      6.065799      0.274376
   87      1.656839      0.679481
   88      2.616136      0.107326
   89      3.372938     -2.017510
   90      2.337626      0.156734
   91     -5.915955     -3.459165
   92     -1.613004      0.632992
   93      5.500914      2.267088
   94      0.051212     -3.455667
   95     -1.088295      2.257192
   96      0.663392     -2.231806
   97     -0.228452     -0.619952
   98      0.244752     -1.468539
   99      2.156380     -3.080844

  Recovered input data:

    0     21.841830     95.631758
    1     82.950923     56.169544
    2     41.530708      6.611873
    3     25.757779     10.995679
    4      4.382900     63.396571
    5      6.172723     44.953896
    6     40.130628     75.467349
    7     79.728695      0.183837
    8     89.750406     35.075234
    9      9.454475      1.361689
   10     85.909686     84.084745
   11     12.310392      0.751236
   12     26.030300     91.248371
   13     11.366405     35.162866
   14     82.288732     26.713227
   15     69.206650     56.166247
   16     86.121579     45.379378
   17     91.197703     59.791688
   18     18.895469     76.149206
   19     39.698848     18.531412
   20     57.436586     36.702667
   21     61.720483     36.152870
   22     21.293000     71.447121
   23     11.770687     29.932915
   24     82.500295     82.466007
   25      6.186177     71.078052
   26      8.828333     77.799401
   27     74.530307     30.867492
   28     89.937309     76.353672
   29     76.173065     40.696964
   30     93.874945     56.208829
   31      1.782002     50.110323
   32      4.190926     36.885058
   33     27.172360     85.857256
   34      2.903656      1.744228
   35     15.238379     11.431867
   36     35.390726     11.930783
   37     20.665276     21.292396
   38     61.294755     80.951907
   39     58.708963     21.549164
   40     76.805636     72.329672
   41     44.801899     85.517612
   42     94.501750     90.905692
   43     51.972572      3.019463
   44     48.106696     29.231288
   45     90.263984     66.784151
   46     41.227804     15.694849
   47     83.328163     96.440416
   48     74.078991     45.609886
   49     65.356142     40.682695
   50     54.053860     83.228094
   51     14.575576     71.712832
   52     77.565076     36.226162
   53     53.111085     37.997675
   54     26.928526     87.741782
   55     76.128480     91.367500
   56     13.579409     29.119523
   57     11.821097     77.178084
   58     32.063292     87.741295
   59     67.947576     94.917554
   60     79.336118      2.136623
   61     10.227830     99.140616
   62     56.325963     70.452753
   63     99.414555     60.433427
   64      4.614518     56.202901
   65      2.151539     60.913481
   66     72.878851     74.840659
   67     46.963380     13.519381
   68     20.234784     86.012023
   69      4.062438     77.397251
   70     15.594072     89.572720
   71     48.712731     14.868170
   72     89.334475     44.520732
   73     59.934722     22.868878
   74     57.229961     63.961837
   75      6.598454      0.211991
   76     62.940518     41.284158
   77     62.839709     46.987913
   78     25.850863     75.449328
   79     76.851336     40.397812
   80     66.023587     58.429849
   81     30.473519     68.434467
   82     78.080031     91.087828
   83     13.123077     59.555485
   84     49.032273     85.415890
   85     84.857995      8.314297
   86     38.397163     41.111234
   87     56.502614     39.439151
   88     53.803625     77.524304
   89     50.980575     30.532421
   90     58.407567     55.977837
   91     19.502922     85.610338
   92     52.950225     34.429286
   93     53.010092     40.624102
   94     69.281382     12.190510
   95     85.897081     72.238234
   96      7.999596     49.208465
   97     46.664356     87.835927
   98     58.423120     17.377787
   99     68.473125     27.811120

  Recovered input data divided by N:

    0      0.218418      0.956318
    1      0.829509      0.561695
    2      0.415307      0.066119
    3      0.257578      0.109957
    4      0.043829      0.633966
    5      0.061727      0.449539
    6      0.401306      0.754673
    7      0.797287      0.001838
    8      0.897504      0.350752
    9      0.094545      0.013617
   10      0.859097      0.840847
   11      0.123104      0.007512
   12      0.260303      0.912484
   13      0.113664      0.351629
   14      0.822887      0.267132
   15      0.692066      0.561662
   16      0.861216      0.453794
   17      0.911977      0.597917
   18      0.188955      0.761492
   19      0.396988      0.185314
   20      0.574366      0.367027
   21      0.617205      0.361529
   22      0.212930      0.714471
   23      0.117707      0.299329
   24      0.825003      0.824660
   25      0.061862      0.710781
   26      0.088283      0.777994
   27      0.745303      0.308675
   28      0.899373      0.763537
   29      0.761731      0.406970
   30      0.938749      0.562088
   31      0.017820      0.501103
   32      0.041909      0.368851
   33      0.271724      0.858573
   34      0.029037      0.017442
   35      0.152384      0.114319
   36      0.353907      0.119308
   37      0.206653      0.212924
   38      0.612948      0.809519
   39      0.587090      0.215492
   40      0.768056      0.723297
   41      0.448019      0.855176
   42      0.945017      0.909057
   43      0.519726      0.030195
   44      0.481067      0.292313
   45      0.902640      0.667842
   46      0.412278      0.156948
   47      0.833282      0.964404
   48      0.740790      0.456099
   49      0.653561      0.406827
   50      0.540539      0.832281
   51      0.145756      0.717128
   52      0.775651      0.362262
   53      0.531111      0.379977
   54      0.269285      0.877418
   55      0.761285      0.913675
   56      0.135794      0.291195
   57      0.118211      0.771781
   58      0.320633      0.877413
   59      0.679476      0.949176
   60      0.793361      0.021366
   61      0.102278      0.991406
   62      0.563260      0.704528
   63      0.994146      0.604334
   64      0.046145      0.562029
   65      0.021515      0.609135
   66      0.728789      0.748407
   67      0.469634      0.135194
   68      0.202348      0.860120
   69      0.040624      0.773973
   70      0.155941      0.895727
   71      0.487127      0.148682
   72      0.893345      0.445207
   73      0.599347      0.228689
   74      0.572300      0.639618
   75      0.065985      0.002120
   76      0.629405      0.412842
   77      0.628397      0.469879
   78      0.258509      0.754493
   79      0.768513      0.403978
   80      0.660236      0.584298
   81      0.304735      0.684345
   82      0.780800      0.910878
   83      0.131231      0.595555
   84      0.490323      0.854159
   85      0.848580      0.083143
   86      0.383972      0.411112
   87      0.565026      0.394392
   88      0.538036      0.775243
   89      0.509806      0.305324
   90      0.584076      0.559778
   91      0.195029      0.856103
   92      0.529502      0.344293
   93      0.530101      0.406241
   94      0.692814      0.121905
   95      0.858971      0.722382
   96      0.079996      0.492085
   97      0.466644      0.878359
   98      0.584231      0.173778
   99      0.684731      0.278111

TEST02
  Demonstrate FFTW3 on a single vector of real data.

  Transform data to FFT coefficients.
  Backtransform FFT coefficients to recover data.
  Compare recovered data to original data.

  Input Data:

     0      0.218418
     1      0.956318
     2      0.829509
     3      0.561695
     4      0.415307
     5      0.066119
     6      0.257578
     7      0.109957
     8      0.043829
     9      0.633966
    10      0.061727
    11      0.449539
    12      0.401306
    13      0.754673
    14      0.797287
    15      0.001838
    16      0.897504
    17      0.350752
    18      0.094545
    19      0.013617
    20      0.859097
    21      0.840847
    22      0.123104
    23      0.007512
    24      0.260303
    25      0.912484
    26      0.113664
    27      0.351629
    28      0.822887
    29      0.267132
    30      0.692066
    31      0.561662
    32      0.861216
    33      0.453794
    34      0.911977
    35      0.597917
    36      0.188955
    37      0.761492
    38      0.396988
    39      0.185314
    40      0.574366
    41      0.367027
    42      0.617205
    43      0.361529
    44      0.212930
    45      0.714471
    46      0.117707
    47      0.299329
    48      0.825003
    49      0.824660
    50      0.061862
    51      0.710781
    52      0.088283
    53      0.777994
    54      0.745303
    55      0.308675
    56      0.899373
    57      0.763537
    58      0.761731
    59      0.406970
    60      0.938749
    61      0.562088
    62      0.017820
    63      0.501103
    64      0.041909
    65      0.368851
    66      0.271724
    67      0.858573
    68      0.029037
    69      0.017442
    70      0.152384
    71      0.114319
    72      0.353907
    73      0.119308
    74      0.206653
    75      0.212924
    76      0.612948
    77      0.809519
    78      0.587090
    79      0.215492
    80      0.768056
    81      0.723297
    82      0.448019
    83      0.855176
    84      0.945017
    85      0.909057
    86      0.519726
    87      0.030195
    88      0.481067
    89      0.292313
    90      0.902640
    91      0.667842
    92      0.412278
    93      0.156948
    94      0.833282
    95      0.964404
    96      0.740790
    97      0.456099
    98      0.653561
    99      0.406827

  Output FFT Coefficients:

     0     47.682692      0.000000
     1      0.460101      0.361409
     2      2.261972      4.348594
     3     -1.747824      4.029391
     4     -0.328176     -4.200315
     5      2.816996      3.477997
     6      2.557872      3.006633
     7      1.742836      0.307800
     8     -0.966474      0.064040
     9      1.352084     -1.948328
    10     -0.604495     -1.275929
    11     -2.126921     -3.871755
    12      1.475699     -0.975690
    13     -0.974107      0.415945
    14     -0.672320      1.167949
    15     -0.293818     -1.886153
    16     -3.219591     -2.653382
    17     -1.745777     -5.347932
    18      0.358931      0.291055
    19      1.032895     -0.519676
    20      1.506143     -1.667676
    21      2.077434     -1.027298
    22     -2.191087      3.317592
    23     -1.566222      2.188927
    24      1.060558      1.045526
    25      1.717386     -4.105370
    26     -3.321912     -0.124217
    27     -3.099074     -0.317698
    28     -3.469523      4.365083
    29     -0.191268     -0.989901
    30      0.809721     -3.732703
    31     -0.993215      1.997418
    32     -0.079303     -2.029524
    33      0.861762     -0.675954
    34     -3.271220     -1.417248
    35      2.427421      1.727539
    36      0.351879     -1.965642
    37     -0.294874      1.439789
    38     -1.915906     -3.679643
    39     -2.614548     -0.444974
    40      0.367775     -1.427269
    41     -1.312616      0.250570
    42     -3.503356      1.765738
    43      4.106610      3.996473
    44     -1.461233      0.664648
    45      0.772053     -3.957355
    46     -1.298635      0.463043
    47     -0.354240     -1.297522
    48     -1.508003     -1.782938
    49      1.860838      0.527204
    50      0.452682      0.000000

  Recovered input data divided by N:

     0      0.218418
     1      0.956318
     2      0.829509
     3      0.561695
     4      0.415307
     5      0.066119
     6      0.257578
     7      0.109957
     8      0.043829
     9      0.633966
    10      0.061727
    11      0.449539
    12      0.401306
    13      0.754673
    14      0.797287
    15      0.001838
    16      0.897504
    17      0.350752
    18      0.094545
    19      0.013617
    20      0.859097
    21      0.840847
    22      0.123104
    23      0.007512
    24      0.260303
    25      0.912484
    26      0.113664
    27      0.351629
    28      0.822887
    29      0.267132
    30      0.692066
    31      0.561662
    32      0.861216
    33      0.453794
    34      0.911977
    35      0.597917
    36      0.188955
    37      0.761492
    38      0.396988
    39      0.185314
    40      0.574366
    41      0.367027
    42      0.617205
    43      0.361529
    44      0.212930
    45      0.714471
    46      0.117707
    47      0.299329
    48      0.825003
    49      0.824660
    50      0.061862
    51      0.710781
    52      0.088283
    53      0.777994
    54      0.745303
    55      0.308675
    56      0.899373
    57      0.763537
    58      0.761731
    59      0.406970
    60      0.938749
    61      0.562088
    62      0.017820
    63      0.501103
    64      0.041909
    65      0.368851
    66      0.271724
    67      0.858573
    68      0.029037
    69      0.017442
    70      0.152384
    71      0.114319
    72      0.353907
    73      0.119308
    74      0.206653
    75      0.212924
    76      0.612948
    77      0.809519
    78      0.587090
    79      0.215492
    80      0.768056
    81      0.723297
    82      0.448019
    83      0.855176
    84      0.945017
    85      0.909057
    86      0.519726
    87      0.030195
    88      0.481067
    89      0.292313
    90      0.902640
    91      0.667842
    92      0.412278
    93      0.156948
    94      0.833282
    95      0.964404
    96      0.740790
    97      0.456099
    98      0.653561
    99      0.406827

TEST03
  Demonstrate FFTW3 on a 8 by 10 array of complex data.

  Transform data to FFT coefficients.
  Backtransform FFT coefficients to recover data.
  Compare recovered data to original data.

  Input Data:

     0     0      0.218418      0.956318
     0     1      0.829509      0.561695
     0     2      0.415307      0.066119
     0     3      0.257578      0.109957
     0     4      0.043829      0.633966
     0     5      0.061727      0.449539
     0     6      0.401306      0.754673
     0     7      0.797287      0.001838
     0     8      0.897504      0.350752
     0     9      0.094545      0.013617
     1     0      0.859097      0.840847
     1     1      0.123104      0.007512
     1     2      0.260303      0.912484
     1     3      0.113664      0.351629
     1     4      0.822887      0.267132
     1     5      0.692066      0.561662
     1     6      0.861216      0.453794
     1     7      0.911977      0.597917
     1     8      0.188955      0.761492
     1     9      0.396988      0.185314
     2     0      0.574366      0.367027
     2     1      0.617205      0.361529
     2     2      0.212930      0.714471
     2     3      0.117707      0.299329
     2     4      0.825003      0.824660
     2     5      0.061862      0.710781
     2     6      0.088283      0.777994
     2     7      0.745303      0.308675
     2     8      0.899373      0.763537
     2     9      0.761731      0.406970
     3     0      0.938749      0.562088
     3     1      0.017820      0.501103
     3     2      0.041909      0.368851
     3     3      0.271724      0.858573
     3     4      0.029037      0.017442
     3     5      0.152384      0.114319
     3     6      0.353907      0.119308
     3     7      0.206653      0.212924
     3     8      0.612948      0.809519
     3     9      0.587090      0.215492
     4     0      0.768056      0.723297
     4     1      0.448019      0.855176
     4     2      0.945017      0.909057
     4     3      0.519726      0.030195
     4     4      0.481067      0.292313
     4     5      0.902640      0.667842
     4     6      0.412278      0.156948
     4     7      0.833282      0.964404
     4     8      0.740790      0.456099
     4     9      0.653561      0.406827
     5     0      0.540539      0.832281
     5     1      0.145756      0.717128
     5     2      0.775651      0.362262
     5     3      0.531111      0.379977
     5     4      0.269285      0.877418
     5     5      0.761285      0.913675
     5     6      0.135794      0.291195
     5     7      0.118211      0.771781
     5     8      0.320633      0.877413
     5     9      0.679476      0.949176
     6     0      0.793361      0.021366
     6     1      0.102278      0.991406
     6     2      0.563260      0.704528
     6     3      0.994146      0.604334
     6     4      0.046145      0.562029
     6     5      0.021515      0.609135
     6     6      0.728789      0.748407
     6     7      0.469634      0.135194
     6     8      0.202348      0.860120
     6     9      0.040624      0.773973
     7     0      0.155941      0.895727
     7     1      0.487127      0.148682
     7     2      0.893345      0.445207
     7     3      0.599347      0.228689
     7     4      0.572300      0.639618
     7     5      0.065985      0.002120
     7     6      0.629405      0.412842
     7     7      0.628397      0.469879
     7     8      0.258509      0.754493
     7     9      0.768513      0.403978

  Output FFT Coefficients:

     0     0     37.366395     40.999037
     0     1      1.240481      4.347520
     0     2     -1.450710      0.560273
     0     3      4.180286     -0.922192
     0     4      2.486809      3.541998
     0     5      2.189284      5.291151
     0     6      0.981814      0.272220
     0     7     -0.137696     -2.668142
     0     8     -1.544352      0.766587
     0     9      3.172963     -0.198940
     1     0     -3.060395     -2.870760
     1     1      1.468320     -1.852054
     1     2     -1.107597     -3.725182
     1     3     -2.676263      0.437809
     1     4      0.908328      0.237076
     1     5      1.715350      3.986493
     1     6     -1.923196      0.617194
     1     7      5.792312      2.152863
     1     8     -3.722101      2.322487
     1     9     -5.015889     -2.153848
     2     0      5.586820     -3.421740
     2     1     -2.058033      4.542854
     2     2      2.352279     -1.553929
     2     3     -2.644907      1.732426
     2     4      1.456817      2.575670
     2     5     -1.904944      0.235927
     2     6      1.632689     -1.376177
     2     7     -4.638780      3.528315
     2     8     -0.658858      1.519967
     2     9     -0.782478      2.079447
     3     0     -6.067975      1.007885
     3     1      3.977843     -0.048456
     3     2     -5.185536     -0.154520
     3     3      0.514802     -1.525681
     3     4      2.248969     -7.795949
     3     5     -1.678012     -2.408334
     3     6     -0.572189      0.947655
     3     7     -3.400658     -3.106330
     3     8      0.581837      1.651967
     3     9      1.612072      1.364419
     4     0      1.808224      0.813152
     4     1      2.763442     -1.517551
     4     2     -0.385339      0.600669
     4     3      0.339147     -5.654466
     4     4      0.512836     -4.922562
     4     5     -0.334178     -0.528619
     4     6      0.231940     -1.393592
     4     7     -0.258710      0.565173
     4     8     -5.988157      3.815248
     4     9     -0.090444     -2.406818
     5     0     -3.265495     -2.139932
     5     1      1.089201      0.114108
     5     2      1.390973      4.167224
     5     3     -1.124107      1.874406
     5     4      4.722264      0.203478
     5     5      1.332121      0.856443
     5     6     -4.274354      1.396315
     5     7      1.505030      5.022283
     5     8      0.899128      1.725771
     5     9      1.266819     -3.331851
     6     0     -1.875650     -0.947922
     6     1      0.971329     -0.553180
     6     2      0.022530      2.311778
     6     3      0.845736      1.331999
     6     4     -2.331508      1.934971
     6     5     -0.247362     -0.044650
     6     6      2.227910      5.097502
     6     7     -3.030344      2.213416
     6     8     -3.415653      4.746746
     6     9      0.867360     -0.128992
     7     0      1.644163     -2.251926
     7     1     -3.795138      0.511289
     7     2     -2.092937      1.891865
     7     3      3.047074     -0.861295
     7     4     -4.638655     -0.631247
     7     5     -1.586508      5.613042
     7     6     -5.204869     -1.018901
     7     7     -1.512696      4.060196
     7     8      0.908624      4.713865
     7     9      3.293820     -1.679034

  Recovered input data divided by NX * NY:

     0     0      0.218418      0.956318
     0     1      0.829509      0.561695
     0     2      0.415307      0.066119
     0     3      0.257578      0.109957
     0     4      0.043829      0.633966
     0     5      0.061727      0.449539
     0     6      0.401306      0.754673
     0     7      0.797287      0.001838
     0     8      0.897504      0.350752
     0     9      0.094545      0.013617
     1     0      0.859097      0.840847
     1     1      0.123104      0.007512
     1     2      0.260303      0.912484
     1     3      0.113664      0.351629
     1     4      0.822887      0.267132
     1     5      0.692066      0.561662
     1     6      0.861216      0.453794
     1     7      0.911977      0.597917
     1     8      0.188955      0.761492
     1     9      0.396988      0.185314
     2     0      0.574366      0.367027
     2     1      0.617205      0.361529
     2     2      0.212930      0.714471
     2     3      0.117707      0.299329
     2     4      0.825003      0.824660
     2     5      0.061862      0.710781
     2     6      0.088283      0.777994
     2     7      0.745303      0.308675
     2     8      0.899373      0.763537
     2     9      0.761731      0.406970
     3     0      0.938749      0.562088
     3     1      0.017820      0.501103
     3     2      0.041909      0.368851
     3     3      0.271724      0.858573
     3     4      0.029037      0.017442
     3     5      0.152384      0.114319
     3     6      0.353907      0.119308
     3     7      0.206653      0.212924
     3     8      0.612948      0.809519
     3     9      0.587090      0.215492
     4     0      0.768056      0.723297
     4     1      0.448019      0.855176
     4     2      0.945017      0.909057
     4     3      0.519726      0.030195
     4     4      0.481067      0.292313
     4     5      0.902640      0.667842
     4     6      0.412278      0.156948
     4     7      0.833282      0.964404
     4     8      0.740790      0.456099
     4     9      0.653561      0.406827
     5     0      0.540539      0.832281
     5     1      0.145756      0.717128
     5     2      0.775651      0.362262
     5     3      0.531111      0.379977
     5     4      0.269285      0.877418
     5     5      0.761285      0.913675
     5     6      0.135794      0.291195
     5     7      0.118211      0.771781
     5     8      0.320633      0.877413
     5     9      0.679476      0.949176
     6     0      0.793361      0.021366
     6     1      0.102278      0.991406
     6     2      0.563260      0.704528
     6     3      0.994146      0.604334
     6     4      0.046145      0.562029
     6     5      0.021515      0.609135
     6     6      0.728789      0.748407
     6     7      0.469634      0.135194
     6     8      0.202348      0.860120
     6     9      0.040624      0.773973
     7     0      0.155941      0.895727
     7     1      0.487127      0.148682
     7     2      0.893345      0.445207
     7     3      0.599347      0.228689
     7     4      0.572300      0.639618
     7     5      0.065985      0.002120
     7     6      0.629405      0.412842
     7     7      0.628397      0.469879
     7     8      0.258509      0.754493
     7     9      0.768513      0.403978

TEST04
  Demonstrate FFTW3 on a 8 by 10 array of real data.

  Transform data to FFT coefficients.
  Backtransform FFT coefficients to recover data.
  Compare recovered data to original data.

  Input Data:

     0     0      0.218418
     0     1      0.956318
     0     2      0.829509
     0     3      0.561695
     0     4      0.415307
     0     5      0.066119
     0     6      0.257578
     0     7      0.109957
     0     8      0.043829
     0     9      0.633966
     1     0      0.061727
     1     1      0.449539
     1     2      0.401306
     1     3      0.754673
     1     4      0.797287
     1     5      0.001838
     1     6      0.897504
     1     7      0.350752
     1     8      0.094545
     1     9      0.013617
     2     0      0.859097
     2     1      0.840847
     2     2      0.123104
     2     3      0.007512
     2     4      0.260303
     2     5      0.912484
     2     6      0.113664
     2     7      0.351629
     2     8      0.822887
     2     9      0.267132
     3     0      0.692066
     3     1      0.561662
     3     2      0.861216
     3     3      0.453794
     3     4      0.911977
     3     5      0.597917
     3     6      0.188955
     3     7      0.761492
     3     8      0.396988
     3     9      0.185314
     4     0      0.574366
     4     1      0.367027
     4     2      0.617205
     4     3      0.361529
     4     4      0.212930
     4     5      0.714471
     4     6      0.117707
     4     7      0.299329
     4     8      0.825003
     4     9      0.824660
     5     0      0.061862
     5     1      0.710781
     5     2      0.088283
     5     3      0.777994
     5     4      0.745303
     5     5      0.308675
     5     6      0.899373
     5     7      0.763537
     5     8      0.761731
     5     9      0.406970
     6     0      0.938749
     6     1      0.562088
     6     2      0.017820
     6     3      0.501103
     6     4      0.041909
     6     5      0.368851
     6     6      0.271724
     6     7      0.858573
     6     8      0.029037
     6     9      0.017442
     7     0      0.152384
     7     1      0.114319
     7     2      0.353907
     7     3      0.119308
     7     4      0.206653
     7     5      0.212924
     7     6      0.612948
     7     7      0.809519
     7     8      0.587090
     7     9      0.215492

  Output FFT Coefficients:

     0     0     35.516098      0.000000
     0     1      0.212223     -0.325647
     0     2     -0.796817     -1.972311
     0     3      1.121054     -2.729960
     0     4     -0.106362     -0.563868
     0     5     -0.789597      0.000000
     1     0     -3.599441     -1.322681
     1     1     -2.191982     -1.782738
     1     2      0.070179     -2.934993
     1     3      0.035724      3.006339
     1     4     -1.822177     -0.263801
     1     5      0.394435     -1.616461
     2     0      0.840967     -0.351373
     2     1     -0.062276     -0.462812
     2     2     -1.628608      1.812221
     2     3     -1.545131      1.185329
     2     4     -4.881608      3.889492
     2     5      0.426149      0.661898
     3     0      1.956379      0.580047
     3     1     -2.275259     -1.889218
     3     2     -0.699339     -0.267855
     3     3      1.077098     -3.755201
     3     4     -0.035203     -0.115335
     3     5     -1.081650      0.000076
     4     0     -1.170344      0.000000
     4     1      5.499545     -0.419485
     4     2      3.619144      0.361215
     4     3     -2.196705      0.160014
     4     4      3.373931     -0.288505
     4     5     -3.195574      0.000000
     5     0      1.956379     -0.580047
     5     1      3.317326     -2.523240
     5     2      0.767993     -0.595624
     5     3     -0.112935      1.626594
     5     4     -2.656801      0.656494
     5     5     -1.081650     -0.000076
     6     0      0.840967      0.351373
     6     1      1.369564     -3.222248
     6     2     -2.026454      1.125465
     6     3     -2.709896      3.503994
     6     4      0.166671     -1.881069
     6     5      0.426149     -0.661898
     7     0     -3.599441      1.322681
     7     1      1.785378     -1.046931
     7     2     -1.434329     -0.350927
     7     3      1.975914     -0.831091
     7     4     -2.590261      0.333270
     7     5      0.394435      1.616461

  Recovered input data divided by NX * NY:

     0     0      0.218418
     0     1      0.956318
     0     2      0.829509
     0     3      0.561695
     0     4      0.415307
     0     5      0.066119
     0     6      0.257578
     0     7      0.109957
     0     8      0.043829
     0     9      0.633966
     1     0      0.061727
     1     1      0.449539
     1     2      0.401306
     1     3      0.754673
     1     4      0.797287
     1     5      0.001838
     1     6      0.897504
     1     7      0.350752
     1     8      0.094545
     1     9      0.013617
     2     0      0.859097
     2     1      0.840847
     2     2      0.123104
     2     3      0.007512
     2     4      0.260303
     2     5      0.912484
     2     6      0.113664
     2     7      0.351629
     2     8      0.822887
     2     9      0.267132
     3     0      0.692066
     3     1      0.561662
     3     2      0.861216
     3     3      0.453794
     3     4      0.911977
     3     5      0.597917
     3     6      0.188955
     3     7      0.761492
     3     8      0.396988
     3     9      0.185314
     4     0      0.574366
     4     1      0.367027
     4     2      0.617205
     4     3      0.361529
     4     4      0.212930
     4     5      0.714471
     4     6      0.117707
     4     7      0.299329
     4     8      0.825003
     4     9      0.824660
     5     0      0.061862
     5     1      0.710781
     5     2      0.088283
     5     3      0.777994
     5     4      0.745303
     5     5      0.308675
     5     6      0.899373
     5     7      0.763537
     5     8      0.761731
     5     9      0.406970
     6     0      0.938749
     6     1      0.562088
     6     2      0.017820
     6     3      0.501103
     6     4      0.041909
     6     5      0.368851
     6     6      0.271724
     6     7      0.858573
     6     8      0.029037
     6     9      0.017442
     7     0      0.152384
     7     1      0.114319
     7     2      0.353907
     7     3      0.119308
     7     4      0.206653
     7     5      0.212924
     7     6      0.612948
     7     7      0.809519
     7     8      0.587090
     7     9      0.215492

FFTW3_PRB
  Normal end of execution.

30 July 2011 02:29:37 PM
