31 May 2010 01:57:48 PM

PINK_NOISE_PRB:
  C version

TEST01
  WRAP2 performs a circular wrap.
  Q is expected to range between 0 and M.
  WRAP2 takes an input value of Q, and either
  increments it by M+1 until in the range, or
  decrements it by M+1 until in the range,
  and returns the result as the function value.

   M  Qin  Qout

   2  -5   1
   2  -4   2
   2  -3   0
   2  -2   1
   2  -1   2
   2   0   0
   2   1   1
   2   2   2
   2   3   0
   2   4   1
   2   5   2

   M  Qin  Qout

   3  -5   3
   3  -4   0
   3  -3   1
   3  -2   2
   3  -1   3
   3   0   0
   3   1   1
   3   2   2
   3   3   3
   3   4   0
   3   5   1
   3   6   2
   3   7   3
   3   8   0

   M  Qin  Qout

   4  -5   0
   4  -4   1
   4  -3   2
   4  -2   3
   4  -1   4
   4   0   0
   4   1   1
   4   2   2
   4   3   3
   4   4   4
   4   5   0
   4   6   1
   4   7   2
   4   8   3
   4   9   4
   4  10   0
   4  11   1

TEST02
  CDELAY2 is a circular buffer implementation
  of an M-fold delay.  Q is a counter
  which is decremented by CDELAY2, but reset to M
  after it reaches 0.

   I   M  Qin  Qout

   1   2   2   1
   2   2   1   0
   3   2   0   2
   4   2   2   1
   5   2   1   0
   6   2   0   2
   7   2   2   1
   8   2   1   0
   9   2   0   2

   I   M  Qin  Qout

   1   3   3   2
   2   3   2   1
   3   3   1   0
   4   3   0   3
   5   3   3   2
   6   3   2   1
   7   3   1   0
   8   3   0   3
   9   3   3   2
  10   3   2   1
  11   3   1   0
  12   3   0   3

   I   M  Qin  Qout

   1   4   4   3
   2   4   3   2
   3   4   2   1
   4   4   1   0
   5   4   0   4
   6   4   4   3
   7   4   3   2
   8   4   2   1
   9   4   1   0
  10   4   0   4
  11   4   4   3
  12   4   3   2
  13   4   2   1
  14   4   1   0
  15   4   0   4

TEST03
  RANH is a random hold function.
  Given a value U and a delay D, it returns the value
  U for D calls, then resets U.

   I   D   Q      U           Y

   1   5   2    0.500000    0.500000
   2   5   1    0.500000    0.500000
   3   5   0   -0.499992    0.500000
   4   5   4   -0.499992   -0.499992
   5   5   3   -0.499992   -0.499992
   6   5   2   -0.499992   -0.499992
   7   5   1   -0.499992   -0.499992
   8   5   0   -0.368462   -0.499992
   9   5   4   -0.368462   -0.368462
  10   5   3   -0.368462   -0.368462
  11   5   2   -0.368462   -0.368462
  12   5   1   -0.368462   -0.368462
  13   5   0    0.255605   -0.368462
  14   5   4    0.255605    0.255605
  15   5   3    0.255605    0.255605
  16   5   2    0.255605    0.255605
  17   5   1    0.255605    0.255605
  18   5   0   -0.041350    0.255605
  19   5   4   -0.041350   -0.041350
  20   5   3   -0.041350   -0.041350

   I   D   Q      U           Y

   1   4   2    0.500000    0.500000
   2   4   1    0.500000    0.500000
   3   4   0    0.032767    0.500000
   4   4   3    0.032767    0.032767
   5   4   2    0.032767    0.032767
   6   4   1    0.032767    0.032767
   7   4   0   -0.281041    0.032767
   8   4   3   -0.281041   -0.281041
   9   4   2   -0.281041   -0.281041
  10   4   1   -0.281041   -0.281041
  11   4   0   -0.452955   -0.281041
  12   4   3   -0.452955   -0.452955
  13   4   2   -0.452955   -0.452955
  14   4   1   -0.452955   -0.452955
  15   4   0    0.178865   -0.452955
  16   4   3    0.178865    0.178865
  17   4   2    0.178865    0.178865
  18   4   1    0.178865    0.178865
  19   4   0    0.179296    0.178865
  20   4   3    0.179296    0.179296

   I   D   Q      U           Y

   1   3   2    0.500000    0.500000
   2   3   1    0.500000    0.500000
   3   3   0    0.434693    0.500000
   4   3   2    0.434693    0.434693
   5   3   1    0.434693    0.434693
   6   3   0   -0.116498    0.434693
   7   3   2   -0.116498   -0.116498
   8   3   1   -0.116498   -0.116498
   9   3   0    0.019416   -0.116498
  10   3   2    0.019416    0.019416
  11   3   1    0.019416    0.019416
  12   3   0    0.330965    0.019416
  13   3   2    0.330965    0.330965
  14   3   1    0.330965    0.330965
  15   3   0   -0.465428    0.330965
  16   3   2   -0.465428   -0.465428
  17   3   1   -0.465428   -0.465428
  18   3   0   -0.446538   -0.465428
  19   3   2   -0.446538   -0.446538
  20   3   1   -0.446538   -0.446538

   I   D   Q      U           Y

   1   2   0    0.029700    0.500000
   2   2   1    0.029700    0.029700
   3   2   0    0.171149    0.029700
   4   2   1    0.171149    0.171149
   5   2   0   -0.492302    0.171149
   6   2   1   -0.492302   -0.492302
   7   2   0   -0.116584   -0.492302
   8   2   1   -0.116584   -0.116584
   9   2   0   -0.433158   -0.116584
  10   2   1   -0.433158   -0.433158
  11   2   0   -0.082514   -0.433158
  12   2   1   -0.082514   -0.082514
  13   2   0    0.186773   -0.082514
  14   2   1    0.186773    0.186773
  15   2   0    0.088977    0.186773
  16   2   1    0.088977    0.088977
  17   2   0    0.430436    0.088977
  18   2   1    0.430436    0.430436
  19   2   0    0.346167    0.430436
  20   2   1    0.346167    0.346167

   I   D   Q      U           Y

   1   1   0    0.026929    0.500000
   2   1   0   -0.408035    0.026929
   3   1   0    0.153919   -0.408035
   4   1   0   -0.084001    0.153919
   5   1   0    0.201191   -0.084001
   6   1   0    0.410321    0.201191
   7   1   0    0.262198    0.410321
   8   1   0   -0.237547    0.262198
   9   1   0   -0.452535   -0.237547
  10   1   0    0.236082   -0.452535
  11   1   0   -0.171766    0.236082
  12   1   0    0.132639   -0.171766
  13   1   0    0.256410    0.132639
  14   1   0    0.491037    0.256410
  15   1   0   -0.134661    0.491037
  16   1   0   -0.252961   -0.134661
  17   1   0    0.482550   -0.252961
  18   1   0    0.222660    0.482550
  19   1   0    0.253356    0.222660
  20   1   0    0.151519    0.253356

TEST04
  RAN1F generates random values with an approximate
  1/F distribution.

   B   I      Y

   1   1   -0.427314
   1   2    0.131635
   1   3    0.384707
   1   4   -0.227290
   1   5   -0.063589
   1   6    0.266495
   1   7   -0.022268
   1   8   -0.262226
   1   9   -0.225093
   1  10   -0.140735
   1  11   -0.333493
   1  12   -0.013483
   1  13    0.397656
   1  14    0.409208
   1  15   -0.439436
   1  16    0.404653
   1  17    0.004523
   1  18    0.016292
   1  19   -0.180967
   1  20    0.486642

   B   I      Y

   1   1   -0.233855
   1   2   -0.409267
   1   3    0.447764
   1   4   -0.426251
   1   5    0.000707
   1   6   -0.115858
   1   7   -0.222918
   1   8    0.413817
   1   9    0.029747
   1  10   -0.035554
   1  11    0.440980
   1  12   -0.449916
   1  13    0.261514
   1  14    0.270205
   1  15    0.327817
   1  16   -0.374635
   1  17   -0.484132
   1  18    0.188455
   1  19    0.368247
   1  20    0.129543

   B   I      Y

   1   1    0.225412
   1   2    0.499458
   1   3    0.388572
   1   4   -0.266805
   1   5   -0.193678
   1   6   -0.148985
   1   7    0.013274
   1   8    0.091114
   1   9    0.345982
   1  10   -0.087919
   1  11    0.341511
   1  12   -0.230683
   1  13   -0.084605
   1  14    0.037304
   1  15   -0.032083
   1  16   -0.212788
   1  17   -0.321672
   1  18   -0.346280
   1  19    0.071655
   1  20    0.302406

   B   I      Y

   1   1    0.034450
   1   2   -0.001520
   1   3    0.455361
   1   4    0.248293
   1   5    0.054584
   1   6    0.390737
   1   7    0.124849
   1   8    0.342040
   1   9   -0.340232
   1  10   -0.287248
   1  11    0.214710
   1  12   -0.369573
   1  13   -0.409010
   1  14   -0.225412
   1  15   -0.497000
   1  16   -0.085707
   1  17   -0.473124
   1  18    0.209820
   1  19    0.437897
   1  20   -0.260089

   B   I      Y

   2   1    0.102265
   2   2    0.269525
   2   3   -0.084159
   2   4    0.033580
   2   5   -0.056267
   2   6   -0.176363
   2   7    0.216381
   2   8    0.217842
   2   9    0.255777
   2  10   -0.147851
   2  11    0.196036
   2  12   -0.224707
   2  13   -0.091487
   2  14   -0.129680
   2  15    0.212563
   2  16    0.043563
   2  17   -0.240497
   2  18   -0.025741
   2  19   -0.111017
   2  20    0.136444

   B   I      Y

   2   1   -0.067127
   2   2   -0.203718
   2   3   -0.034976
   2   4    0.164085
   2   5    0.044754
   2   6    0.178900
   2   7    0.008418
   2   8   -0.011089
   2   9   -0.383369
   2  10   -0.281799
   2  11   -0.305917
   2  12   -0.040869
   2  13   -0.097584
   2  14   -0.099088
   2  15    0.370309
   2  16    0.291660
   2  17   -0.052580
   2  18    0.294257
   2  19    0.055493
   2  20    0.166061

   B   I      Y

   2   1    0.286703
   2   2    0.109044
   2   3    0.292053
   2   4    0.036035
   2   5    0.256839
   2   6    0.195594
   2   7    0.470780
   2   8    0.402842
   2   9   -0.086629
   2  10    0.025930
   2  11   -0.241269
   2  12   -0.004627
   2  13    0.158302
   2  14    0.084893
   2  15    0.292453
   2  16    0.258181
   2  17    0.224126
   2  18   -0.119596
   2  19    0.205509
   2  20   -0.005845

   B   I      Y

   2   1    0.078311
   2   2    0.174864
   2   3    0.058094
   2   4    0.391258
   2   5    0.216983
   2   6   -0.158428
   2   7    0.219855
   2   8    0.102447
   2   9   -0.119122
   2  10   -0.084804
   2  11    0.160615
   2  12   -0.046371
   2  13    0.085904
   2  14   -0.211661
   2  15    0.076361
   2  16   -0.107954
   2  17   -0.191527
   2  18   -0.499263
   2  19    0.250344
   2  20    0.023256

   B   I      Y

   4   1    0.107791
   4   2    0.144828
   4   3   -0.069593
   4   4    0.097771
   4   5   -0.058527
   4   6   -0.195655
   4   7    0.065863
   4   8    0.205543
   4   9   -0.091182
   4  10    0.005571
   4  11    0.045632
   4  12   -0.079795
   4  13   -0.329714
   4  14   -0.132397
   4  15   -0.115090
   4  16   -0.141990
   4  17    0.001097
   4  18   -0.059006
   4  19    0.062585
   4  20   -0.125999

   B   I      Y

   4   1    0.234990
   4   2    0.228368
   4   3    0.034763
   4   4    0.025960
   4   5   -0.000360
   4   6   -0.027753
   4   7    0.185367
   4   8    0.133202
   4   9   -0.059078
   4  10   -0.165653
   4  11    0.047896
   4  12    0.129882
   4  13   -0.061279
   4  14   -0.166655
   4  15   -0.175415
   4  16   -0.160522
   4  17   -0.105500
   4  18   -0.136766
   4  19   -0.112042
   4  20   -0.126801

   B   I      Y

   4   1    0.028970
   4   2    0.147641
   4   3    0.213923
   4   4    0.148906
   4   5    0.059023
   4   6   -0.046731
   4   7    0.009390
   4   8   -0.004539
   4   9    0.037703
   4  10   -0.073495
   4  11    0.091491
   4  12   -0.035474
   4  13   -0.048214
   4  14    0.112695
   4  15    0.031664
   4  16    0.026693
   4  17    0.202713
   4  18   -0.002760
   4  19    0.035138
   4  20    0.171907

   B   I      Y

   4   1    0.180147
   4   2   -0.024942
   4   3   -0.116670
   4   4   -0.097754
   4   5    0.150809
   4   6    0.296709
   4   7   -0.005094
   4   8    0.031996
   4   9   -0.120229
   4  10   -0.195893
   4  11   -0.013404
   4  12    0.054917
   4  13   -0.020500
   4  14    0.006153
   4  15   -0.067992
   4  16   -0.083427
   4  17   -0.147504
   4  18   -0.094669
   4  19   -0.144311
   4  20   -0.118063

   B   I      Y

   8   1   -0.016623
   8   2   -0.004126
   8   3   -0.006951
   8   4   -0.084912
   8   5   -0.007125
   8   6   -0.023462
   8   7   -0.147422
   8   8   -0.089885
   8   9    0.062038
   8  10   -0.005535
   8  11    0.034629
   8  12    0.042850
   8  13    0.009362
   8  14   -0.018811
   8  15    0.077043
   8  16    0.052551
   8  17    0.070312
   8  18    0.067180
   8  19   -0.013420
   8  20   -0.030582

   B   I      Y

   8   1   -0.195787
   8   2   -0.224987
   8   3   -0.197307
   8   4   -0.160706
   8   5   -0.078093
   8   6   -0.178915
   8   7   -0.126249
   8   8   -0.040114
   8   9   -0.044832
   8  10   -0.099091
   8  11   -0.015211
   8  12   -0.023659
   8  13   -0.109849
   8  14   -0.176736
   8  15   -0.057088
   8  16   -0.050337
   8  17   -0.196211
   8  18   -0.149631
   8  19   -0.244820
   8  20   -0.182041

   B   I      Y

   8   1   -0.017457
   8   2   -0.030191
   8   3   -0.104679
   8   4   -0.145823
   8   5    0.010163
   8   6   -0.056243
   8   7   -0.051875
   8   8   -0.123362
   8   9    0.030729
   8  10   -0.007044
   8  11   -0.052028
   8  12   -0.047499
   8  13   -0.070849
   8  14   -0.089492
   8  15   -0.054821
   8  16   -0.018614
   8  17    0.091900
   8  18    0.068436
   8  19    0.103423
   8  20    0.031779

   B   I      Y

   8   1   -0.171172
   8   2   -0.135297
   8   3   -0.020055
   8   4   -0.073188
   8   5   -0.094554
   8   6   -0.173374
   8   7   -0.129879
   8   8   -0.087930
   8   9   -0.145185
   8  10   -0.153454
   8  11   -0.063219
   8  12   -0.069817
   8  13   -0.001139
   8  14   -0.024871
   8  15   -0.167465
   8  16   -0.138882
   8  17    0.043636
   8  18    0.080189
   8  19   -0.038663
   8  20   -0.112456

   B   I      Y

  16   1   -0.036559
  16   2   -0.007938
  16   3   -0.097165
  16   4   -0.092211
  16   5   -0.054844
  16   6   -0.005391
  16   7   -0.068792
  16   8   -0.055857
  16   9    0.020623
  16  10    0.046867
  16  11    0.042180
  16  12   -0.002765
  16  13    0.038352
  16  14    0.034247
  16  15    0.030168
  16  16    0.020841
  16  17    0.006660
  16  18   -0.026574
  16  19   -0.010740
  16  20   -0.026182

   B   I      Y

  16   1   -0.050074
  16   2   -0.101983
  16   3   -0.045094
  16   4   -0.043684
  16   5   -0.078554
  16   6   -0.025281
  16   7   -0.061724
  16   8   -0.036673
  16   9   -0.051414
  16  10   -0.078190
  16  11   -0.075373
  16  12   -0.049564
  16  13   -0.097756
  16  14   -0.073144
  16  15   -0.107663
  16  16   -0.075582
  16  17   -0.095016
  16  18   -0.127313
  16  19   -0.090607
  16  20   -0.120021

   B   I      Y

  16   1   -0.002571
  16   2    0.039641
  16   3    0.030594
  16   4    0.035053
  16   5    0.067840
  16   6    0.108975
  16   7    0.046929
  16   8    0.069559
  16   9    0.149652
  16  10    0.133678
  16  11    0.066571
  16  12    0.108399
  16  13    0.057340
  16  14    0.100122
  16  15    0.071789
  16  16    0.072013
  16  17    0.083614
  16  18    0.051368
  16  19    0.047031
  16  20    0.046539

   B   I      Y

  16   1   -0.078717
  16   2   -0.116740
  16   3   -0.094181
  16   4   -0.068205
  16   5   -0.074918
  16   6   -0.082155
  16   7   -0.072531
  16   8   -0.020187
  16   9    0.001224
  16  10   -0.020466
  16  11   -0.060403
  16  12   -0.029727
  16  13   -0.035178
  16  14   -0.052351
  16  15   -0.031288
  16  16   -0.022757
  16  17    0.015910
  16  18   -0.021702
  16  19   -0.010792
  16  20    0.022293

PINK_NOISE_PRB:
  Normal end of execution.

31 May 2010 01:57:48 PM
