
13 November 2010 01:24:03 PM

ASA243_PRB:
  C version
  Test the ASA243 library.

TEST01:
  TNC computes the noncentral Student T
  Cumulative Density Function.
  Compare with tabulated values.

        X         LAMBDA        DF      CDF             CDF           DIFF
                                        Tabulated       PRNCST

      3.0000      0.0000         1        0.8975836176504333        0.8975836176189371  3.1496e-11
      3.0000      0.0000         2        0.9522670169000000        0.9522670168676521  3.2348e-11
      3.0000      0.0000         3        0.9711655571887813        0.9711655571881732  6.0807e-13
      3.0000      0.5000         1        0.8231218863999999        0.8231218872874918  8.8749e-10
      3.0000      0.5000         2        0.9049021510000000        0.9049021518865470  8.8655e-10
      3.0000      0.5000         3        0.9363471834000000        0.9363471843665093  9.6651e-10
      3.0000      1.0000         1        0.7301025986000000        0.7301026052504616  6.6505e-09
      3.0000      1.0000         2        0.8335594263000000        0.8335594330258447  6.7258e-09
      3.0000      1.0000         3        0.8774010255000000        0.8774010322113766  6.7114e-09
      3.0000      2.0000         1        0.5248571617000000        0.5248571616410547  5.8945e-11
      3.0000      2.0000         2        0.6293856597000000        0.6293856597119885  1.1988e-11
      3.0000      2.0000         3        0.6800271741000000        0.6800271740463306  5.3669e-11
      3.0000      4.0000         1        0.2059013197500000        0.2059013196112342  1.3877e-10
      3.0000      4.0000         2        0.2112148916000000        0.2112148915268549  7.3145e-11
      3.0000      4.0000         3        0.2074730718000000        0.2074730717622091  3.7791e-11
     15.0000      7.0000        15        0.9981130072000000        0.9981130071290588  7.0941e-11
     15.0000      7.0000        20        0.9994873850000000        0.9994873849205516  7.9448e-11
     15.0000      7.0000        25        0.9998391562000000        0.9998391561566266  4.3373e-11
      0.0500      1.0000         1        0.1686105669720000        0.1686105736722351  6.7002e-09
      0.0500      1.0000         2        0.1696795098500000        0.1696795165523957  6.7024e-09
      0.0500      1.0000         3        0.1701041003000000        0.1701041069776647  6.6777e-09
      4.0000      2.0000        10        0.9247683363000000        0.9247683363739255  7.3926e-11
      4.0000      3.0000        10        0.7483139269000000        0.7483139271789115  2.7891e-10
      4.0000      4.0000        10        0.4659802096000000        0.4659802101528353  5.5284e-10
      5.0000      2.0000        10        0.9761872541000000        0.9761872541661104  6.6110e-11
      5.0000      3.0000        10        0.8979689357000000        0.8979689357569784  5.6978e-11
      5.0000      4.0000        10        0.7181904627000000        0.7181904629912231  2.9122e-10
      6.0000      2.0000        10        0.9923658945000000        0.9923658945377936  3.7794e-11
      6.0000      3.0000        10        0.9610341649000000        0.9610341648809945  1.9006e-11
      6.0000      4.0000        10        0.8688007350000000        0.8688007351174195  1.1742e-10

ASA243_PRB:
  Normal end of execution.

13 November 2010 01:24:03 PM
