29 June 2014 08:33:38 AM

ASA063_PRB:
  C version
  Test the ASA063 library.

TEST01:
  BETAIN computes the incomplete Beta function.
  Compare to tabulated values.

           A           B           X          FX                        FX2
                                              (Tabulated)               (BETAIN)            DIFF

         0.5         0.5        0.01       0.06376856085851985       0.06376856085851985  0.0000e+00
         0.5         0.5         0.1        0.2048327646991335        0.2048327646991334  8.3267e-17
         0.5         0.5           1                         1                         1  0.0000e+00
           1         0.5           0                         0                         0  0.0000e+00
           1         0.5        0.01      0.005012562893380045      0.005012562893380046  8.6736e-19
           1         0.5         0.1        0.0513167019494862       0.05131670194948618  1.3878e-17
           1         0.5         0.5        0.2928932188134525        0.2928932188134523  2.2204e-16
           1           1         0.5                       0.5                       0.5  0.0000e+00
           2           2         0.1                     0.028       0.02800000000000002  2.0817e-17
           2           2         0.2                     0.104                     0.104  1.3878e-17
           2           2         0.3                     0.216        0.2159999999999999  1.1102e-16
           2           2         0.4                     0.352        0.3520000000000001  1.1102e-16
           2           2         0.5                       0.5                       0.5  0.0000e+00
           2           2         0.6                     0.648        0.6479999999999999  1.1102e-16
           2           2         0.7                     0.784                     0.784  0.0000e+00
           2           2         0.8                     0.896                     0.896  0.0000e+00
           2           2         0.9                     0.972                     0.972  0.0000e+00
         5.5           5         0.5        0.4361908850559777        0.4361908850559766  1.1102e-15
          10         0.5         0.9        0.1516409096347099        0.1516409096347084  1.5266e-15
          10           5         0.5          0.08978271484375       0.08978271484374982  1.8041e-16
          10           5           1                         1                         1  0.0000e+00
          10          10         0.5                       0.5        0.4999999999999992  7.7716e-16
          20           5         0.8        0.4598773297575791        0.4598773297575741  4.9960e-15
          20          10         0.6        0.2146816102371739        0.2146816102371752  1.3323e-15
          20          10         0.8        0.9507364826957875        0.9507364826957873  2.2204e-16
          20          20         0.5                       0.5        0.4999999999999992  7.7716e-16
          20          20         0.6        0.8979413687105918        0.8979413687105914  4.4409e-16
          30          10         0.7        0.2241297491808366        0.2241297491808347  1.9151e-15
          30          10         0.8        0.7586405487192086        0.7586405487192094  7.7716e-16
          40          20         0.7        0.7001783247477069        0.7001783247477168  9.8810e-15
           1         0.5         0.1        0.0513167019494862       0.05131670194948618  1.3878e-17
           1         0.5         0.2        0.1055728090000841        0.1055728090000841  4.1633e-17
           1         0.5         0.3        0.1633399734659245        0.1633399734659245  2.7756e-17
           1         0.5         0.4        0.2254033307585166        0.2254033307585167  5.5511e-17
           1           2         0.2                      0.36                      0.36  0.0000e+00
           1           3         0.2                     0.488        0.4879999999999999  5.5511e-17
           1           4         0.2                    0.5904        0.5904000000000001  1.1102e-16
           1           5         0.2                   0.67232                   0.67232  0.0000e+00
           2           2         0.3                     0.216        0.2159999999999999  1.1102e-16
           3           2         0.3                    0.0837       0.08369999999999995  4.1633e-17
           4           2         0.3                   0.03078       0.03077999999999997  2.4286e-17
           5           2         0.3                  0.010935                  0.010935  5.2042e-18

ASA063_PRB:
  Normal end of execution.

29 June 2014 08:33:38 AM
