342  213  432
170  54  342
342  54  213
213  1  432
214  433  432
433  214  55
432  110  342
110  432  433
110  215  343
214  432  1
170  342  110
341  90  169
90  341  170
168  337  169
169  90  168
170  343  339
343  170  110
45  168  308
168  90  339
339  308  168
337  168  338
339  343  340
339  90  170
341  54  170
338  168  45
110  433  215
55  434  215
215  111  345
111  215  434
434  216  111
343  215  30
216  435  346
345  346  344
345  111  346
346  56  344
346  111  216
215  345  30
91  308  340
308  339  340
308  152  45
91  152  308
340  30  171
343  30  340
171  344  309
171  30  345
91  309  10
309  91  171
172  309  344
91  10  152
309  313  10
171  91  340
345  344  171
302  152  150
10  150  152
215  433  55
45  152  305
336  15  167
306  326  151
336  167  89
151  89  167
89  151  326
160  306  26
160  326  306
306  292  26
167  15  338
15  337  338
44  166  301
149  86  159
44  325  159
291  44  301
291  325  44
86  300  322
300  86  149
159  325  149
158  322  300
146  301  26
301  166  26
166  160  26
307  167  338
307  83  151
83  307  305
292  146  26
292  151  83
83  293  292
307  151  167
302  293  83
302  305  152
295  42  153
42  292  293
302  304  293
83  305  302
338  45  307
292  42  146
149  325  82
291  301  146
149  297  300
82  297  149
291  146  290
325  291  82
290  295  147
290  146  42
82  147  294
147  82  290
296  294  147
82  294  297
147  295  85
290  82  291
42  295  290
297  43  300
42  293  153
151  292  306
45  305  307
294  148  297
346  435  217
16  436  217
218  371  436
217  436  371
217  56  346
437  57  372
112  372  183
372  112  437
372  31  369
437  112  218
112  371  218
56  371  347
371  56  217
172  347  154
347  172  56
371  96  347
313  309  172
96  183  314
96  371  112
96  314  154
314  183  369
47  314  369
312  154  314
112  183  96
96  154  347
372  369  183
172  154  313
372  57  31
172  344  56
31  219  438
184  374  220
220  374  438
31  438  374
375  113  439
7  221  439
221  7  440
184  220  113
221  375  439
374  370  31
374  184  370
370  365  182
370  182  31
370  184  97
31  182  369
375  58  373
58  375  221
366  97  373
97  184  373
185  373  58
365  370  97
58  376  185
373  184  375
113  375  184
47  369  182
221  441  58
219  31  57
185  366  373
84  150  303
10  313  303
310  304  84
84  304  150
10  303  150
304  153  293
155  312  316
303  313  154
303  155  84
155  303  312
155  316  27
154  312  303
47  312  314
310  84  155
311  85  295
311  153  310
296  85  317
296  147  85
311  156  85
153  311  295
310  27  318
27  310  155
156  317  85
311  318  156
92  156  318
319  317  156
92  318  27
311  310  318
153  304  310
296  14  294
316  312  47
302  150  304
315  365  95
315  47  182
316  95  174
95  316  315
365  180  95
315  316  47
366  17  364
17  366  185
95  180  352
364  180  366
17  181  364
180  365  97
365  315  182
352  180  364
348  92  351
92  27  174
317  319  46
348  319  92
92  174  351
319  156  92
352  181  48
181  352  364
351  48  175
48  351  352
175  48  353
351  175  348
181  368  48
352  351  174
174  95  352
173  348  5
17  367  181
27  316  174
366  180  97
173  319  348
185  377  17
435  16  217
157  296  317
324  6  158
333  165  161
324  323  88
88  161  165
323  158  43
328  53  327
53  165  333
327  53  333
323  324  158
6  322  158
164  208  29
195  107  335
164  334  335
29  334  164
163  29  328
107  207  422
207  107  195
335  334  195
18  422  207
334  29  332
208  328  29
208  53  328
161  88  323
299  161  323
299  43  148
163  328  327
327  333  87
161  299  87
299  323  43
298  87  299
298  148  14
327  87  329
162  87  298
298  321  162
298  299  148
43  297  148
329  87  162
332  163  49
332  195  334
195  397  207
101  397  195
195  332  101
29  163  332
331  332  49
330  49  329
101  331  389
101  332  331
389  191  194
397  101  394
331  49  179
49  163  329
163  327  329
394  101  389
363  389  331
333  161  87
158  300  43
423  207  397
424  18  423
429  212  109
424  209  212
209  109  212
426  209  396
429  109  211
426  109  209
209  423  52
209  424  423
207  423  18
211  109  426
64  431  246
431  64  211
487  4  246
246  431  487
125  487  431
430  125  211
487  488  248
488  487  125
248  488  66
487  248  4
488  125  247
125  431  211
64  429  211
430  211  426
425  426  396
425  396  108
34  430  425
430  426  425
396  52  194
396  209  52
194  108  396
194  394  389
210  425  108
395  421  210
395  210  108
52  394  194
423  397  52
34  425  210
489  247  126
66  488  247
489  66  247
247  34  428
247  430  34
428  421  427
428  34  210
126  427  250
427  126  428
250  427  490
126  250  489
421  65  427
428  126  247
210  421  428
11  108  194
247  125  430
394  52  397
162  330  329
94  162  321
321  14  157
179  363  331
356  179  330
162  94  330
179  49  330
320  94  321
320  157  46
94  356  330
176  356  94
362  356  355
320  321  157
14  296  157
179  356  362
388  11  191
191  389  363
11  393  395
388  393  11
191  363  100
11  194  191
100  362  192
362  100  363
388  192  390
192  388  100
361  390  192
393  388  193
192  362  28
100  388  191
363  179  362
390  193  388
320  176  94
11  395  108
350  176  320
350  46  173
176  355  356
93  355  176
176  350  93
350  320  46
349  93  350
349  173  5
355  93  28
357  93  349
360  357  50
349  350  173
46  319  173
178  93  357
361  51  390
391  361  102
202  51  391
391  51  361
361  28  178
192  28  361
178  360  102
360  178  357
360  197  102
197  360  398
197  398  401
391  102  402
398  360  196
178  102  361
28  93  178
197  402  102
357  349  177
28  362  355
157  317  46
392  390  51
206  65  421
395  393  206
420  65  418
418  65  206
206  193  418
249  427  65
193  392  106
193  390  392
420  418  106
205  106  392
205  413  419
193  106  418
393  193  206
127  106  205
490  249  20
490  427  249
491  20  249
249  420  491
106  127  420
127  205  419
252  127  492
127  252  420
492  127  419
419  68  492
420  252  491
249  65  420
205  392  413
421  395  206
202  402  412
413  392  51
412  35  202
202  35  413
402  105  412
51  202  413
105  401  414
105  402  197
204  414  416
414  204  105
416  414  67
105  204  412
197  401  105
417  412  204
68  35  251
68  419  35
493  251  35
35  417  493
128  254  204
417  35  412
254  417  204
494  128  416
494  416  253
417  254  493
416  128  204
203  414  401
35  419  413
402  202  391
19  401  398
298  14  321
148  294  14
348  175  5
440  114  441
223  222  114
441  114  222
441  376  58
442  444  32
32  224  60
444  224  32
444  442  223
442  222  223
376  222  115
222  376  441
187  377  115
115  377  376
222  443  115
377  185  376
443  32  225
443  222  442
225  380  381
225  381  443
447  225  32
447  59  225
447  32  446
443  381  115
442  32  443
187  115  381
32  60  446
377  367  17
445  231  118
446  118  227
118  446  445
118  231  452
445  446  60
459  21  232
61  232  461
460  232  21
452  231  459
452  459  232
227  116  448
227  118  116
382  448  226
226  448  116
116  451  226
448  447  227
452  61  451
61  452  232
228  449  226
228  451  61
228  454  449
228  226  451
449  454  12
452  451  116
118  452  116
59  447  448
61  453  228
227  447  446
450  226  449
367  187  368
187  367  377
368  98  186
98  368  187
381  98  187
368  353  48
380  59  378
98  381  380
186  378  33
186  98  378
378  188  33
378  98  380
225  59  380
368  186  353
354  5  175
190  354  384
5  190  358
190  5  354
354  353  99
175  353  354
33  379  99
383  379  33
99  189  384
63  384  386
384  63  190
99  384  354
189  99  379
99  353  186
186  33  99
190  63  387
382  378  59
367  368  181
382  450  188
382  226  450
385  379  383
117  383  188
188  450  117
383  33  188
456  455  229
229  117  450
117  455  383
455  117  229
230  455  457
229  450  12
59  448  382
383  455  230
386  189  121
189  379  385
386  239  63
471  239  386
121  189  385
189  386  384
458  121  385
62  458  230
121  238  471
23  471  473
471  23  239
121  471  386
238  121  458
458  385  230
385  383  230
239  23  474
229  12  237
188  378  382
12  450  449
63  239  405
461  232  460
441  221  440
234  119  461
119  234  464
461  462  453
462  461  119
119  235  462
234  461  460
464  73  235
466  38  235
38  462  235
466  235  138
235  119  464
462  38  233
453  233  454
453  462  233
120  237  12
120  454  233
233  463  120
453  454  228
467  463  468
463  233  38
237  467  75
237  120  467
236  75  467
470  237  75
468  463  466
467  120  463
466  463  38
237  456  229
235  73  465
461  453  61
465  273  530
273  465  73
138  530  531
530  138  465
273  2  530
275  466  138
274  531  530
138  531  275
74  531  274
274  530  2
275  531  74
236  468  139
468  466  275
469  75  236
533  469  236
139  468  275
236  467  468
139  532  276
532  139  275
533  236  276
22  469  533
236  139  276
275  74  532
75  469  477
138  235  465
22  277  469
457  456  122
470  456  237
472  458  62
475  62  457
122  456  470
230  457  62
122  477  241
477  122  470
240  475  39
241  475  122
477  277  241
122  475  457
75  477  470
62  475  240
473  238  123
458  472  238
473  243  23
479  243  473
123  238  472
238  473  471
476  123  472
480  476  240
123  242  479
77  479  481
479  77  243
123  479  473
476  536  123
476  472  240
62  240  472
243  77  482
241  478  475
455  456  457
140  535  241
277  477  469
279  39  478
39  475  478
140  277  534
241  277  140
535  478  241
279  278  39
535  279  478
39  278  480
476  76  536
242  123  536
242  481  479
141  481  242
242  536  280
480  76  476
141  242  280
481  537  281
481  141  537
281  537  8
280  536  76
480  278  76
481  281  77
240  39  480
534  277  22
77  281  514
120  12  454
23  243  483
177  359  50
359  177  358
50  399  196
399  50  359
359  198  399
177  50  357
358  387  103
387  63  405
404  198  36
198  359  103
198  103  36
103  359  358
5  358  177
399  198  104
196  400  19
196  399  400
19  411  203
411  19  400
400  201  411
196  19  398
104  404  407
399  104  201
104  410  201
410  104  407
256  410  407
411  201  129
404  69  407
201  400  399
198  404  104
410  129  201
103  387  199
50  196  360
406  403  199
403  103  199
403  408  36
406  408  403
199  405  124
403  36  103
484  406  124
474  124  405
406  245  408
484  245  406
486  245  506
124  406  199
239  474  405
408  245  486
409  404  200
36  408  200
499  69  409
69  404  409
200  504  409
200  404  36
131  486  260
200  408  131
505  504  13
260  504  131
261  505  509
409  504  259
260  486  507
131  504  200
408  486  131
256  407  69
244  124  474
199  387  405
358  190  387
259  504  505
411  415  203
410  256  497
495  67  415
415  67  203
129  255  415
203  67  414
497  256  37
497  255  129
498  497  37
497  498  255
256  500  37
129  410  497
411  129  415
495  415  255
253  495  496
495  253  67
496  9  253
495  130  496
253  9  494
255  258  130
130  495  255
501  258  498
501  498  37
37  257  501
498  258  255
37  72  257
67  253  416
500  499  262
500  256  69
135  262  132
132  262  499
499  259  132
500  262  502
259  261  508
261  259  505
132  508  511
71  508  261
71  261  510
259  508  132
69  499  500
71  511  508
502  135  503
502  262  135
503  72  502
135  268  503
72  37  502
511  267  520
267  511  71
520  268  511
25  520  267
25  267  522
511  268  135
132  511  135
521  267  71
502  37  500
499  409  259
504  260  13
19  203  401
485  244  133
244  484  124
70  484  485
485  484  244
244  483  133
244  474  483
482  264  133
264  482  514
133  512  485
539  512  133
263  512  515
482  133  483
243  482  483
263  485  512
134  507  506
506  245  70
507  516  266
134  516  507
506  70  513
507  486  506
513  134  506
265  513  517
134  265  518
265  134  513
518  265  285
134  518  516
40  513  263
513  70  263
70  485  263
79  516  518
539  133  264
507  266  260
142  282  264
514  482  77
512  539  78
515  512  78
514  281  538
263  515  40
538  142  514
282  78  539
282  539  264
515  78  284
517  40  283
284  40  515
517  540  265
285  265  143
283  40  284
517  513  40
283  540  517
143  541  285
541  24  285
143  265  540
518  285  525
264  514  142
474  23  483
24  525  285
509  510  261
269  509  136
524  510  269
269  510  509
509  13  136
510  521  71
266  519  136
519  266  79
136  523  269
523  136  519
41  523  528
266  136  13
260  266  13
41  269  523
272  521  137
524  521  510
272  522  521
521  524  137
522  267  521
271  137  524
271  41  528
271  527  137
527  271  81
137  527  272
271  529  81
271  524  41
524  269  41
526  523  519
505  13  509
270  526  519
270  79  525
526  287  528
144  287  526
526  270  144
526  528  523
286  270  542
542  525  24
144  286  543
144  270  286
144  543  287
542  270  525
266  516  79
287  543  80
145  529  271
528  287  145
529  289  81
545  289  529
529  145  545
145  271  528
544  80  288
145  287  544
545  288  3
288  545  544
545  3  289
544  545  145
287  80  544
519  79  270
518  525  79
484  70  245
8  538  281
5  177  349
