  -1.0000000e+00  -1.0000000e+00
   1.0000000e+00  -1.0000000e+00
   1.0000000e+00   1.0000000e+00
  -1.0000000e+00   1.0000000e+00
  -0.0000000e+00   0.0000000e+00
  -1.0000000e+00   0.0000000e+00
   0.0000000e+00  -1.0000000e+00
   1.0000000e+00  -0.0000000e+00
   0.0000000e+00   1.0000000e+00
  -7.6969499e-01  -7.7280157e-01
  -7.6969499e-01   7.7280157e-01
   7.6969499e-01  -7.7280157e-01
   7.6969499e-01   7.7280157e-01
  -7.5602345e-01   0.0000000e+00
  -1.0000000e+00  -7.2029170e-01
  -7.2277363e-01  -1.0000000e+00
  -0.0000000e+00  -7.6409131e-01
  -1.0000000e+00   7.2029170e-01
  -0.0000000e+00   7.6409131e-01
  -7.2277363e-01   1.0000000e+00
   7.2277363e-01  -1.0000000e+00
   1.0000000e+00  -7.2029170e-01
   7.5602345e-01   0.0000000e+00
   1.0000000e+00   7.2029170e-01
   7.2277363e-01   1.0000000e+00
  -9.4150729e-01  -4.8974195e-01
  -5.2529016e-01  -5.8290681e-01
  -5.2529016e-01   5.8290681e-01
  -9.4150729e-01   4.8974195e-01
  -8.6566664e-01  -9.0490915e-01
  -4.2759439e-01  -9.3386079e-01
   4.2759439e-01  -9.3386079e-01
   5.2529016e-01  -5.8290681e-01
  -8.6566664e-01   9.0490915e-01
  -4.2759439e-01   9.3386079e-01
   5.2529016e-01   5.8290681e-01
   4.2759439e-01   9.3386079e-01
   8.6566664e-01  -9.0490915e-01
   9.4150729e-01  -4.8974195e-01
   9.4150729e-01   4.8974195e-01
   8.6566664e-01   9.0490915e-01
  -8.2513195e-01  -4.8530617e-01
  -9.0563198e-01   0.0000000e+00
  -1.0000000e+00  -3.6461694e-01
  -9.0443696e-01  -7.4802195e-01
  -5.0656966e-01  -0.0000000e+00
  -5.0599607e-01  -7.9812138e-01
  -0.0000000e+00  -5.2613781e-01
  -8.2513195e-01   4.8530617e-01
   0.0000000e+00   5.2613781e-01
  -5.0599607e-01   7.9812138e-01
  -9.0443696e-01   7.4802195e-01
  -1.0000000e+00   3.6461694e-01
  -1.0000000e+00  -9.0818651e-01
  -9.0247357e-01  -1.0000000e+00
  -7.2734725e-01  -9.1945838e-01
  -4.8600096e-01  -1.0000000e+00
  -0.0000000e+00  -9.1037006e-01
   5.0599607e-01  -7.9812138e-01
   4.8600096e-01  -1.0000000e+00
   7.2734725e-01  -9.1945838e-01
   8.2513195e-01  -4.8530617e-01
   5.0656966e-01   0.0000000e+00
  -1.0000000e+00   9.0818651e-01
  -7.2734725e-01   9.1945838e-01
  -9.0247357e-01   1.0000000e+00
  -0.0000000e+00   9.1037006e-01
  -4.8600096e-01   1.0000000e+00
   5.0599607e-01   7.9812138e-01
   8.2513195e-01   4.8530617e-01
   7.2734725e-01   9.1945838e-01
   4.8600096e-01   1.0000000e+00
   9.0247357e-01  -1.0000000e+00
   1.0000000e+00  -9.0818651e-01
   9.0443696e-01  -7.4802195e-01
   1.0000000e+00  -3.6461694e-01
   9.0563198e-01  -0.0000000e+00
   1.0000000e+00   3.6461694e-01
   9.0443696e-01   7.4802195e-01
   1.0000000e+00   9.0818651e-01
   9.0247357e-01   1.0000000e+00
  -8.7478176e-01  -2.5661617e-01
  -8.7926078e-01  -6.2273992e-01
  -6.9131648e-01  -6.6330365e-01
  -6.9237137e-01  -3.1248898e-01
  -1.0000000e+00  -1.7482039e-01
  -8.7478176e-01   2.5661617e-01
  -1.0000000e+00   1.7482039e-01
  -1.0000000e+00  -6.3097229e-01
  -9.6608603e-01  -8.4474630e-01
  -8.3161095e-01  -8.1138894e-01
  -4.2651440e-01  -4.4068880e-01
  -4.2651440e-01   4.4068880e-01
  -6.9237137e-01   3.1248898e-01
  -3.5035817e-01  -7.0428390e-01
  -6.1898306e-01  -8.9325593e-01
  -2.2891693e-01  -8.5596427e-01
   3.5035817e-01  -7.0428390e-01
   4.2651440e-01  -4.4068880e-01
  -6.9131648e-01   6.6330365e-01
  -8.7926078e-01   6.2273992e-01
  -3.5035817e-01   7.0428390e-01
   4.2651440e-01   4.4068880e-01
   3.5035817e-01   7.0428390e-01
  -2.2891693e-01   8.5596427e-01
  -6.1898306e-01   8.9325593e-01
  -1.0000000e+00   6.3097229e-01
  -8.3161095e-01   8.1138894e-01
  -9.6608603e-01   8.4474630e-01
  -9.2812533e-01  -9.3078968e-01
  -8.3942745e-01  -9.6632054e-01
  -5.9188948e-01  -9.5233538e-01
  -1.9495718e-01  -1.0000000e+00
   1.9495718e-01  -1.0000000e+00
   2.2891693e-01  -8.5596427e-01
   6.1898306e-01  -8.9325593e-01
   6.9131648e-01  -6.6330365e-01
   5.9188948e-01  -9.5233538e-01
   8.3942745e-01  -9.6632054e-01
   8.3161095e-01  -8.1138894e-01
   6.9237137e-01  -3.1248898e-01
   8.7926078e-01  -6.2273992e-01
   8.7478176e-01  -2.5661617e-01
   6.9237137e-01   3.1248898e-01
  -9.2812533e-01   9.3078968e-01
  -8.3942745e-01   9.6632054e-01
  -5.9188948e-01   9.5233538e-01
  -1.9495718e-01   1.0000000e+00
   2.2891693e-01   8.5596427e-01
   1.9495718e-01   1.0000000e+00
   6.9131648e-01   6.6330365e-01
   6.1898306e-01   8.9325593e-01
   8.7478176e-01   2.5661617e-01
   8.7926078e-01   6.2273992e-01
   5.9188948e-01   9.5233538e-01
   8.3161095e-01   8.1138894e-01
   8.3942745e-01   9.6632054e-01
   9.2812533e-01  -9.3078968e-01
   9.6608603e-01  -8.4474630e-01
   1.0000000e+00  -6.3097229e-01
   1.0000000e+00  -1.7482039e-01
   1.0000000e+00   1.7482039e-01
   1.0000000e+00   6.3097229e-01
   9.6608603e-01   8.4474630e-01
   9.2812533e-01   9.3078968e-01
  -8.8778442e-01  -4.5004628e-01
  -7.8870647e-01  -2.7837438e-01
  -8.3932971e-01   0.0000000e+00
  -9.3861246e-01  -2.0426937e-01
  -7.6176953e-01  -7.0610463e-01
  -9.3789731e-01  -6.1300999e-01
  -8.3583962e-01  -7.4604092e-01
  -7.4581293e-01  -5.2316153e-01
  -6.4825744e-01  -8.2385851e-01
  -6.0182322e-01  -6.6988514e-01
  -5.7376313e-01  -3.5400382e-01
  -6.4545207e-01  -0.0000000e+00
  -9.5776226e-01   0.0000000e+00
  -1.0000000e+00  -2.6034979e-01
  -1.0000000e+00  -5.1937258e-01
  -9.3861246e-01   2.0426937e-01
  -7.8870647e-01   2.7837438e-01
  -8.8778442e-01   4.5004628e-01
  -1.0000000e+00   5.1937258e-01
  -1.0000000e+00   2.6034979e-01
  -1.0000000e+00  -4.5206744e-01
  -9.6062406e-01  -6.7363551e-01
  -9.4679325e-01  -7.9391646e-01
  -1.0000000e+00  -8.1788836e-01
  -9.5280046e-01  -8.8661627e-01
  -8.2523904e-01  -8.7021835e-01
  -7.2142748e-01  -8.6202404e-01
  -3.1698821e-01   0.0000000e+00
  -3.8906697e-01  -5.9192303e-01
  -0.0000000e+00  -3.3013286e-01
  -5.7376313e-01   3.5400382e-01
  -0.0000000e+00   3.3013286e-01
  -3.8906697e-01   5.9192303e-01
  -7.4581293e-01   5.2316153e-01
  -2.3465891e-01  -7.5616214e-01
  -0.0000000e+00  -6.5062498e-01
  -4.1759365e-01  -8.5630968e-01
  -5.5733420e-01  -9.0540122e-01
  -2.2897272e-01  -9.3280829e-01
  -0.0000000e+00  -8.4664203e-01
   3.8906697e-01  -5.9192303e-01
   2.3465891e-01  -7.5616214e-01
   6.0182322e-01  -6.6988514e-01
   5.7376313e-01  -3.5400382e-01
   3.1698821e-01  -0.0000000e+00
  -7.6176953e-01   7.0610463e-01
  -6.0182322e-01   6.6988514e-01
  -6.4825744e-01   8.2385851e-01
  -8.3583962e-01   7.4604092e-01
  -9.3789731e-01   6.1300999e-01
  -0.0000000e+00   6.5062498e-01
  -2.3465891e-01   7.5616214e-01
   3.8906697e-01   5.9192303e-01
   5.7376313e-01   3.5400382e-01
   6.0182322e-01   6.6988514e-01
   2.3465891e-01   7.5616214e-01
  -4.1759365e-01   8.5630968e-01
  -0.0000000e+00   8.4664203e-01
  -2.2897272e-01   9.3280829e-01
  -5.5733420e-01   9.0540122e-01
  -7.2142748e-01   8.6202404e-01
  -9.6062406e-01   6.7363551e-01
  -1.0000000e+00   4.5206744e-01
  -9.4679325e-01   7.9391646e-01
  -8.2523904e-01   8.7021835e-01
  -9.5280046e-01   8.8661627e-01
  -1.0000000e+00   8.1788836e-01
  -1.0000000e+00  -9.5373650e-01
  -9.5045678e-01  -1.0000000e+00
  -8.8165822e-01  -9.4857825e-01
  -8.1186113e-01  -1.0000000e+00
  -7.2380179e-01  -9.6215921e-01
  -6.2930877e-01  -1.0000000e+00
  -4.2913816e-01  -1.0000000e+00
  -2.7703658e-01  -1.0000000e+00
  -0.0000000e+00  -9.5822266e-01
   2.2897272e-01  -9.3280829e-01
   2.7703658e-01  -1.0000000e+00
   4.2913816e-01  -1.0000000e+00
   4.1759365e-01  -8.5630968e-01
   6.4825744e-01  -8.2385851e-01
   5.5733420e-01  -9.0540122e-01
   7.2142748e-01  -8.6202404e-01
   7.6176953e-01  -7.0610463e-01
   7.4581293e-01  -5.2316153e-01
   6.2930877e-01  -1.0000000e+00
   7.2380179e-01  -9.6215921e-01
   8.2523904e-01  -8.7021835e-01
   8.1186113e-01  -1.0000000e+00
   8.8165822e-01  -9.4857825e-01
   9.4679325e-01  -7.9391646e-01
   8.3583962e-01  -7.4604092e-01
   7.8870647e-01  -2.7837438e-01
   6.4545207e-01   0.0000000e+00
   8.8778442e-01  -4.5004628e-01
   9.3789731e-01  -6.1300999e-01
   9.3861246e-01  -2.0426937e-01
   8.3932971e-01  -0.0000000e+00
   7.8870647e-01   2.7837438e-01
   7.4581293e-01   5.2316153e-01
  -1.0000000e+00   9.5373650e-01
  -8.8165822e-01   9.4857825e-01
  -9.5045678e-01   1.0000000e+00
  -7.2380179e-01   9.6215921e-01
  -8.1186113e-01   1.0000000e+00
  -4.2913816e-01   1.0000000e+00
  -6.2930877e-01   1.0000000e+00
   0.0000000e+00   9.5822266e-01
  -2.7703658e-01   1.0000000e+00
   2.2897272e-01   9.3280829e-01
   4.1759365e-01   8.5630968e-01
   4.2913816e-01   1.0000000e+00
   2.7703658e-01   1.0000000e+00
   6.4825744e-01   8.2385851e-01
   7.6176953e-01   7.0610463e-01
   7.2142748e-01   8.6202404e-01
   5.5733420e-01   9.0540122e-01
   8.8778442e-01   4.5004628e-01
   9.3861246e-01   2.0426937e-01
   9.3789731e-01   6.1300999e-01
   8.3583962e-01   7.4604092e-01
   7.2380179e-01   9.6215921e-01
   6.2930877e-01   1.0000000e+00
   8.2523904e-01   8.7021835e-01
   9.4679325e-01   7.9391646e-01
   8.8165822e-01   9.4857825e-01
   8.1186113e-01   1.0000000e+00
   9.5045678e-01  -1.0000000e+00
   1.0000000e+00  -9.5373650e-01
   9.5280046e-01  -8.8661627e-01
   1.0000000e+00  -8.1788836e-01
   9.6062406e-01  -6.7363551e-01
   1.0000000e+00  -4.5206744e-01
   1.0000000e+00  -5.1937258e-01
   1.0000000e+00  -2.6034979e-01
   9.5776226e-01  -0.0000000e+00
   1.0000000e+00   2.6034979e-01
   1.0000000e+00   5.1937258e-01
   1.0000000e+00   4.5206744e-01
   9.6062406e-01   6.7363551e-01
   1.0000000e+00   8.1788836e-01
   9.5280046e-01   8.8661627e-01
   1.0000000e+00   9.5373650e-01
   9.5045678e-01   1.0000000e+00
  -8.4428096e-01  -3.7412501e-01
  -9.1524912e-01  -3.5548912e-01
  -8.8790162e-01  -5.4454094e-01
  -8.1850342e-01  -5.7453587e-01
  -8.1183117e-01  -1.4399705e-01
  -7.6526416e-01  -4.0993005e-01
  -7.1734302e-01  -1.5298129e-01
  -8.8369563e-01  -1.2371113e-01
  -8.1183117e-01   1.4399705e-01
  -8.8369563e-01   1.2371113e-01
  -9.4631377e-01  -1.0370633e-01
  -9.4999091e-01  -4.1655995e-01
  -8.1638340e-01  -6.6149184e-01
  -6.7843947e-01  -7.4524174e-01
  -7.4884162e-01  -6.1219353e-01
  -8.6930878e-01  -6.9491901e-01
  -9.4984747e-01  -5.5422798e-01
  -9.1923107e-01  -6.8362528e-01
  -8.9047616e-01  -7.9905572e-01
  -7.7734786e-01  -8.3941165e-01
  -6.5123889e-01  -5.7048413e-01
  -6.7422067e-01  -4.5325183e-01
  -5.8697537e-01  -7.5746870e-01
  -7.1591018e-01  -8.0759846e-01
  -5.7341314e-01  -8.3904440e-01
  -4.2186614e-01  -7.7151688e-01
  -4.9404152e-01  -6.9702904e-01
  -5.9947578e-01  -1.7220818e-01
  -5.7174191e-01  -4.8813195e-01
  -4.4099612e-01  -2.1635123e-01
  -5.9947578e-01   1.7220818e-01
  -7.1734302e-01   1.5298129e-01
  -1.0000000e+00  -7.6807250e-02
  -9.4631377e-01   1.0370633e-01
  -1.0000000e+00   7.6807250e-02
  -9.4981470e-01  -2.9597051e-01
  -1.0000000e+00  -5.8042145e-01
  -9.1524912e-01   3.5548912e-01
  -9.4999091e-01   4.1655995e-01
  -8.4428096e-01   3.7412501e-01
  -7.6526416e-01   4.0993005e-01
  -8.1850342e-01   5.7453587e-01
  -8.8790162e-01   5.4454094e-01
  -9.4981470e-01   2.9597051e-01
  -9.4984747e-01   5.5422798e-01
  -1.0000000e+00   5.8042145e-01
  -1.0000000e+00  -6.7498872e-01
  -1.0000000e+00  -7.7513164e-01
  -9.5564957e-01  -7.3973875e-01
  -9.2276984e-01  -8.4468894e-01
  -8.7488131e-01  -8.5232912e-01
  -1.0000000e+00  -8.7539672e-01
  -9.6682175e-01  -9.2602978e-01
  -9.0856414e-01  -8.9606946e-01
  -7.7892284e-01  -8.9898916e-01
  -8.2670480e-01  -9.2519511e-01
  -7.8174594e-01  -9.5248479e-01
  -6.7520413e-01  -8.8827135e-01
  -2.4772453e-01  -2.5721180e-01
  -2.4772453e-01   2.5721180e-01
  -4.4099612e-01   2.1635123e-01
  -2.2685276e-01  -4.7713380e-01
  -2.0561260e-01  -6.3033463e-01
   2.2685276e-01  -4.7713380e-01
   2.4772453e-01  -2.5721180e-01
  -5.7174191e-01   4.8813195e-01
  -6.7422067e-01   4.5325183e-01
  -2.2685276e-01   4.7713380e-01
   2.4772453e-01   2.5721180e-01
   2.2685276e-01   4.7713380e-01
  -2.0561260e-01   6.3033463e-01
  -4.9404152e-01   6.9702904e-01
  -6.5123889e-01   5.7048413e-01
  -7.4884162e-01   6.1219353e-01
  -1.1371637e-01  -7.1873795e-01
  -3.2716319e-01  -8.0983514e-01
  -1.1989930e-01  -8.1265702e-01
   1.1371637e-01  -7.1873795e-01
   2.0561260e-01  -6.3033463e-01
  -4.9367213e-01  -8.8168954e-01
  -3.3090354e-01  -8.9293175e-01
  -6.6048677e-01  -9.4565359e-01
  -5.1122541e-01  -9.4911264e-01
  -1.1584958e-01  -8.8886473e-01
  -3.2992576e-01  -9.5128479e-01
  -1.2100122e-01  -9.4985352e-01
   1.1584958e-01  -8.8886473e-01
   1.1989930e-01  -8.1265702e-01
   4.9404152e-01  -6.9702904e-01
   5.7174191e-01  -4.8813195e-01
   4.2186614e-01  -7.7151688e-01
   3.2716319e-01  -8.0983514e-01
   5.8697537e-01  -7.5746870e-01
   6.5123889e-01  -5.7048413e-01
   4.4099612e-01  -2.1635123e-01
   6.7422067e-01  -4.5325183e-01
   5.9947578e-01  -1.7220818e-01
   4.4099612e-01   2.1635123e-01
  -6.7843947e-01   7.4524174e-01
  -8.1638340e-01   6.6149184e-01
  -5.8697537e-01   7.5746870e-01
  -4.2186614e-01   7.7151688e-01
  -5.7341314e-01   8.3904440e-01
  -7.1591018e-01   8.0759846e-01
  -8.6930878e-01   6.9491901e-01
  -7.7734786e-01   8.3941165e-01
  -8.9047616e-01   7.9905572e-01
  -9.1923107e-01   6.8362528e-01
  -1.1371637e-01   7.1873795e-01
   2.0561260e-01   6.3033463e-01
   1.1371637e-01   7.1873795e-01
  -1.1989930e-01   8.1265702e-01
  -3.2716319e-01   8.0983514e-01
   5.7174191e-01   4.8813195e-01
   4.9404152e-01   6.9702904e-01
   5.9947578e-01   1.7220818e-01
   6.7422067e-01   4.5325183e-01
   4.2186614e-01   7.7151688e-01
   6.5123889e-01   5.7048413e-01
   5.8697537e-01   7.5746870e-01
   3.2716319e-01   8.0983514e-01
   1.1989930e-01   8.1265702e-01
  -3.3090354e-01   8.9293175e-01
  -4.9367213e-01   8.8168954e-01
  -1.1584958e-01   8.8886473e-01
   1.1584958e-01   8.8886473e-01
  -1.2100122e-01   9.4985352e-01
  -3.2992576e-01   9.5128479e-01
  -6.7520413e-01   8.8827135e-01
  -5.1122541e-01   9.4911264e-01
  -6.6048677e-01   9.4565359e-01
  -7.7892284e-01   8.9898916e-01
  -1.0000000e+00   6.7498872e-01
  -9.5564957e-01   7.3973875e-01
  -1.0000000e+00   7.7513164e-01
  -8.7488131e-01   8.5232912e-01
  -9.2276984e-01   8.4468894e-01
  -7.8174594e-01   9.5248479e-01
  -8.2670480e-01   9.2519511e-01
  -1.0000000e+00   8.7539672e-01
  -9.0856414e-01   8.9606946e-01
  -9.6682175e-01   9.2602978e-01
  -9.6430855e-01  -9.6623407e-01
  -9.2151422e-01  -9.6752019e-01
  -8.6961154e-01  -1.0000000e+00
  -7.6731336e-01  -1.0000000e+00
  -6.7711887e-01  -1.0000000e+00
  -5.5994998e-01  -1.0000000e+00
  -3.7358575e-01  -1.0000000e+00
  -8.2845980e-02  -1.0000000e+00
   8.2845980e-02  -1.0000000e+00
   1.2100122e-01  -9.4985352e-01
   3.2992576e-01  -9.5128479e-01
   3.3090354e-01  -8.9293175e-01
   3.7358575e-01  -1.0000000e+00
   5.5994998e-01  -1.0000000e+00
   5.1122541e-01  -9.4911264e-01
   4.9367213e-01  -8.8168954e-01
   5.7341314e-01  -8.3904440e-01
   7.1591018e-01  -8.0759846e-01
   6.7843947e-01  -7.4524174e-01
   6.7520413e-01  -8.8827135e-01
   6.6048677e-01  -9.4565359e-01
   7.7892284e-01  -8.9898916e-01
   7.7734786e-01  -8.3941165e-01
   7.4884162e-01  -6.1219353e-01
   8.1638340e-01  -6.6149184e-01
   8.1850342e-01  -5.7453587e-01
   7.6526416e-01  -4.0993005e-01
   6.7711887e-01  -1.0000000e+00
   7.6731336e-01  -1.0000000e+00
   7.8174594e-01  -9.5248479e-01
   8.2670480e-01  -9.2519511e-01
   8.7488131e-01  -8.5232912e-01
   8.6961154e-01  -1.0000000e+00
   9.2151422e-01  -9.6752019e-01
   9.0856414e-01  -8.9606946e-01
   8.9047616e-01  -7.9905572e-01
   9.2276984e-01  -8.4468894e-01
   9.5564957e-01  -7.3973875e-01
   8.6930878e-01  -6.9491901e-01
   7.1734302e-01  -1.5298129e-01
   8.4428096e-01  -3.7412501e-01
   8.1183117e-01  -1.4399705e-01
   7.1734302e-01   1.5298129e-01
   8.8790162e-01  -5.4454094e-01
   9.1524912e-01  -3.5548912e-01
   9.1923107e-01  -6.8362528e-01
   9.4984747e-01  -5.5422798e-01
   8.8369563e-01  -1.2371113e-01
   9.4999091e-01  -4.1655995e-01
   9.4631377e-01  -1.0370633e-01
   8.8369563e-01   1.2371113e-01
   8.1183117e-01   1.4399705e-01
   7.6526416e-01   4.0993005e-01
   8.4428096e-01   3.7412501e-01
   7.4884162e-01   6.1219353e-01
  -9.6430855e-01   9.6623407e-01
  -9.2151422e-01   9.6752019e-01
  -8.6961154e-01   1.0000000e+00
  -7.6731336e-01   1.0000000e+00
  -6.7711887e-01   1.0000000e+00
  -5.5994998e-01   1.0000000e+00
  -3.7358575e-01   1.0000000e+00
  -8.2845980e-02   1.0000000e+00
   1.2100122e-01   9.4985352e-01
   8.2845980e-02   1.0000000e+00
   3.3090354e-01   8.9293175e-01
   3.2992576e-01   9.5128479e-01
   5.7341314e-01   8.3904440e-01
   4.9367213e-01   8.8168954e-01
   3.7358575e-01   1.0000000e+00
   5.1122541e-01   9.4911264e-01
   5.5994998e-01   1.0000000e+00
   6.7843947e-01   7.4524174e-01
   7.1591018e-01   8.0759846e-01
   8.1850342e-01   5.7453587e-01
   8.1638340e-01   6.6149184e-01
   6.7520413e-01   8.8827135e-01
   7.7734786e-01   8.3941165e-01
   7.7892284e-01   8.9898916e-01
   6.6048677e-01   9.4565359e-01
   9.1524912e-01   3.5548912e-01
   8.8790162e-01   5.4454094e-01
   9.4631377e-01   1.0370633e-01
   9.4999091e-01   4.1655995e-01
   8.6930878e-01   6.9491901e-01
   9.4984747e-01   5.5422798e-01
   9.1923107e-01   6.8362528e-01
   8.9047616e-01   7.9905572e-01
   6.7711887e-01   1.0000000e+00
   7.8174594e-01   9.5248479e-01
   7.6731336e-01   1.0000000e+00
   8.7488131e-01   8.5232912e-01
   8.2670480e-01   9.2519511e-01
   9.5564957e-01   7.3973875e-01
   9.2276984e-01   8.4468894e-01
   8.6961154e-01   1.0000000e+00
   9.0856414e-01   8.9606946e-01
   9.2151422e-01   9.6752019e-01
   9.6430855e-01  -9.6623407e-01
   9.6682175e-01  -9.2602978e-01
   1.0000000e+00  -8.7539672e-01
   1.0000000e+00  -7.7513164e-01
   1.0000000e+00  -6.7498872e-01
   1.0000000e+00  -5.8042145e-01
   9.4981470e-01  -2.9597051e-01
   1.0000000e+00  -7.6807250e-02
   1.0000000e+00   7.6807250e-02
   9.4981470e-01   2.9597051e-01
   1.0000000e+00   5.8042145e-01
   1.0000000e+00   6.7498872e-01
   1.0000000e+00   7.7513164e-01
   1.0000000e+00   8.7539672e-01
   9.6682175e-01   9.2602978e-01
   9.6430855e-01   9.6623407e-01
