05 November 2010 04:24:36 PM

ASA109_PRB:
  C version
  Test the ASA109 library.

TEST01:
  XINBTA inverts the incomplete Beta function.
  Given CDF, it computes an X.

           A           B           CDF        X                         X
                                              (Tabulated)               (XINBTA)            DIFF

      0.5000      0.5000      0.0638                      0.01      0.009999999987739931  1.2260e-11
      0.5000      0.5000      0.2048                       0.1       0.09999999988126219  1.1874e-10
      0.5000      0.5000      1.0000                         1                         1  0.0000e+00
      1.0000      0.5000      0.0000                         0                         0  0.0000e+00
      1.0000      0.5000      0.0050                      0.01      0.009999999997142803  2.8572e-12
      1.0000      0.5000      0.0513                       0.1       0.09999999997314414  2.6856e-11
      1.0000      0.5000      0.2929                       0.5        0.4999999998813814  1.1862e-10
      1.0000      1.0000      0.5000                       0.5                       0.5  0.0000e+00
      2.0000      2.0000      0.0280                       0.1        0.1000000000870404  8.7040e-11
      2.0000      2.0000      0.1040                       0.2        0.2000000001952787  1.9528e-10
      2.0000      2.0000      0.2160                       0.3        0.3000000002888634  2.8886e-10
      2.0000      2.0000      0.3520                       0.4        0.4000000004105692  4.1057e-10
      2.0000      2.0000      0.5000                       0.5        0.5000000005595101  5.5951e-10
      2.0000      2.0000      0.6480                       0.6        0.5999999995894308  4.1057e-10
      2.0000      2.0000      0.7840                       0.7        0.6999999997111366  2.8886e-10
      2.0000      2.0000      0.8960                       0.8        0.7999999998047214  1.9528e-10
      2.0000      2.0000      0.9720                       0.9        0.8999999999129595  8.7040e-11
      5.5000      5.0000      0.4362                       0.5        0.5000000090345638  9.0346e-09
     10.0000      0.5000      0.1516                       0.9         0.900000005907881  5.9079e-09
     10.0000      5.0000      0.0898                       0.5        0.5000000135769177  1.3577e-08
     10.0000      5.0000      1.0000                         1                         1  0.0000e+00
     10.0000     10.0000      0.5000                       0.5        0.5000000023224583  2.3225e-09
     20.0000      5.0000      0.4599                       0.8         0.799999999699832  3.0017e-10
     20.0000     10.0000      0.2147                       0.6        0.6000000005491829  5.4918e-10
     20.0000     10.0000      0.9507                       0.8        0.7999999997266629  2.7334e-10
     20.0000     20.0000      0.5000                       0.5        0.5000000000000001  1.1102e-16
     20.0000     20.0000      0.8979                       0.6         0.599999909592541  9.0407e-08
     30.0000     10.0000      0.2241                       0.7        0.7000000297263503  2.9726e-08
     30.0000     10.0000      0.7586                       0.8        0.7999999267423825  7.3258e-08
     40.0000     20.0000      0.7002                       0.7         0.699999901704448  9.8296e-08
      1.0000      0.5000      0.0513                       0.1       0.09999999997314414  2.6856e-11
      1.0000      0.5000      0.1056                       0.2        0.1999999999549328  4.5067e-11
      1.0000      0.5000      0.1633                       0.3        0.2999999999223895  7.7610e-11
      1.0000      0.5000      0.2254                       0.4        0.3999999999000737  9.9926e-11
      1.0000      2.0000      0.3600                       0.2        0.1999999999746051  2.5395e-11
      1.0000      3.0000      0.4880                       0.2        0.2000000004550595  4.5506e-10
      1.0000      4.0000      0.5904                       0.2        0.1999999986812894  1.3187e-09
      1.0000      5.0000      0.6723                       0.2        0.1999999988538737  1.1461e-09
      2.0000      2.0000      0.2160                       0.3        0.3000000002888634  2.8886e-10
      3.0000      2.0000      0.0837                       0.3         0.300000000179438  1.7944e-10
      4.0000      2.0000      0.0308                       0.3        0.3000000055590522  5.5591e-09
      5.0000      2.0000      0.0109                       0.3        0.3000000260606296  2.6061e-08

ASA109_PRB:
  Normal end of execution.

05 November 2010 04:24:36 PM
