21 November 2010 11:47:30 AM

BETA_NC_PRB:
  C version
  Test the BETA_NC library.

TEST01:
  BETA_NONCENTRAL_CDF computes the noncentral incomplete 
  Beta function.
  Compare to tabulated values.

      A      B     LAMBDA        X          FX                        FX2
                                            (Tabulated)               (computed)          DIFF

   5.00   5.00   54.000      0.8640        0.4563021000000000        0.4563026193146386  5.1931e-07
   5.00   5.00  140.000      0.9000        0.1041337000000000        0.1041334930046336  2.0700e-07
   5.00   5.00  170.000      0.9560        0.6022353000000000        0.6022421649745753  6.8650e-06
  10.00  10.00   54.000      0.8686        0.9187770000000000        0.9187791109067509  2.1109e-06
  10.00  10.00  140.000      0.9000        0.6008106000000000        0.6008071069996984  3.4930e-06
  10.00  10.00  250.000      0.9000        0.0902850000000000        0.0902899161160713  4.9161e-06
  20.00  20.00   54.000      0.8787        0.9998655000000000        0.9998676573232279  2.1573e-06
  20.00  20.00  140.000      0.9000        0.9925997000000000        0.9925975046122494  2.1954e-06
  20.00  20.00  250.000      0.9220        0.9641111999999999        0.9641190728772143  7.8729e-06
  10.00  20.00  150.000      0.8680        0.9376626573000000        0.9376634901743937  8.3287e-07
  10.00  10.00  120.000      0.9000        0.7306817858000000        0.7306823706231522  5.8482e-07
  15.00   5.00   80.000      0.8800        0.1604256918000000        0.1604257281973967  3.6397e-08
  20.00  10.00  110.000      0.8500        0.1867485313000000        0.1867485473756134  1.6076e-08
  20.00  30.00   65.000      0.6600        0.6559386874000001        0.6559388006254526  1.1323e-07
  20.00  50.00  130.000      0.7200        0.9796881486000000        0.9796891185321600  9.6993e-07
  30.00  20.00   80.000      0.7200        0.1162386423000000        0.1162386454695966  3.1696e-09
  30.00  40.00  130.000      0.8000        0.9930430054000000        0.9930444988012715  1.4934e-06
  10.00   5.00   20.000      0.6440        0.0506899273000000        0.0506899279494473  6.4945e-10
  10.00  10.00   54.000      0.7000        0.1030959706000000        0.1030959736860629  3.0861e-09
  10.00  30.00   80.000      0.7800        0.9978417832000001        0.9978446847800360  2.9016e-06
  15.00  20.00  120.000      0.7600        0.2555552369000000        0.2555552463009128  9.4009e-09
  10.00   5.00   55.000      0.7950        0.0668307064000000        0.0668307080140822  1.6141e-09
  12.00  17.00   64.000      0.5600        0.0113601067000000        0.0113601067001774  1.7738e-13
  30.00  30.00  140.000      0.8000        0.7813366615000000        0.7813370605238029  3.9902e-07
  35.00  30.00   20.000      0.6700        0.8867126477000000        0.8867126477327645  3.2764e-11

BETA_NC_PRB:
  Normal end of execution.

21 November 2010 11:47:30 AM
