        0.5370609231688448        0.2787089252485376
        0.3286656883894518        0.1936204479307796
         0.453986530560739        0.2972375728753906
        0.2417590726989108        0.3668747803540677
        0.2470776504445459        0.3669362170559927
        0.2838270908067773        0.3700881000090528
        0.3237045619437726        0.3719717786226113
        0.2119307074650457        0.5225505118227747
        0.2036038687114306         0.519152647703198
        0.1462610731708351        0.4786266528143516
        0.1532411394434118        0.4948443772269325
       0.09217631409006258        0.5672320267604073
       0.07625444061322911        0.6169465621846689
       0.06708402502562766        0.5804888098268542
       0.04845760120993112        0.6287027529931651
       0.04408323063334745        0.6315970899207123
                         0        0.6312915102353942
        0.1446181425485409        0.4532508323285015
        0.4115622000234004        0.6865703202701625
        0.4442123821110237          0.82418196783984
        0.4546367702533098        0.8715041866251971
        0.4646196321411662        0.8586637236763093
        0.5018631716998724        0.8658155210500162
        0.4808303128837698        0.8287564476750128
        0.5768749926522954         0.806910067903413
         0.493589387659278        0.8621240717158807
        0.4785165424315113        0.7901864931583983
         0.433360440137076        0.8326033096303028
        0.5668617381558761        0.7521432573033056
        0.5762165547061222        0.6842138945708672
        0.7140106494336081        0.6386513806918671
        0.8042754223612423        0.6337726368741314
        0.7721829002836148        0.6090934389127026
        0.5341253950700691        0.4143251820437191
        0.5348304564067253        0.4151268830800319
         0.557773696781145        0.2639589878807448
        0.6796026138872225        0.4287541317033767
        0.6876041282057155        0.4881529014409468
        0.7781403127173705        0.4893588981234089
        0.6699681191206567        0.5100790019061958
        0.6648422264865829        0.5136108785675244
        0.6225762340072294        0.4170329292412041
        0.5566447897301983        0.3718891579871431
        0.6410800472587217        0.4205033166436373
        0.5171537242926088        0.5173915711849432
        0.5091226800200619        0.5395568773891573
        0.5891004944733993        0.4379130442720511
        0.5189117312773734        0.4848174054145603
        0.5046193038913852        0.4032814305919626
        0.7218617123388564        0.1950213970761127
        0.7106072445416164        0.2580759248843895
        0.6958502194172395        0.4710159446979059
        0.7708787007550787        0.4866823877057175
         0.881042990614231        0.4943102861649146
        0.8733703060701947        0.4510736541635644
        0.9865445936562817         0.331687077582504
                         1         0.390680574943236
         0.997135837976926        0.4471520965075688
        0.8999842597120693        0.6104477204690638
         0.804202179787614        0.7170749669132237
        0.9432463483848138        0.7777730757382066
        0.6223542424472868        0.4676802449785126
        0.6378411225077388        0.4371591427923278
        0.4337380740739547        0.4239267772524866
        0.3841429795756782        0.3432800422618461
        0.3735208500624042        0.3330714275887626
        0.3850970652284698        0.3099949152628571
        0.3906863755449405         0.321730264667442
        0.3974924919962617        0.2316036610788494
        0.3567302865646835         0.191402771925348
        0.3046244930322878        0.1422507083915112
        0.1348889610620344        0.2210673308047358
       0.07081608291446481        0.1622497160065416
        0.2439025231952313        0.1284958133748028
        0.2086904871951509        0.2033604307261373
        0.2976598650518344        0.2491713483372568
        0.2889473185430123        0.2653521724331207
         0.261123960105815        0.2639851145129987
        0.2125543080775315        0.3238887276444699
        0.1432961250948804        0.3281662219784647
        0.1824688564470034        0.4315023893960436
        0.1779981549671127        0.4710591799514945
        0.1230112302007326        0.5442022982528095
          0.18474861806448        0.8237714530560803
        0.3100642862977339        0.7716648628251245
        0.2721180750682954        0.7663712716897331
        0.4540666958723047        0.7829243554685879
        0.5549985516539924        0.7486860809162682
        0.7891446924435075        0.7621114320583322
        0.7053563110840847         0.620289374610118
        0.6796334469326385        0.6105124036267207
        0.6468872614014483        0.5607230434752914
        0.7219961081532238        0.4537641553760151
         0.752760714750895         0.393157851986062
        0.7757447524047292        0.3828704943999158
        0.6698832601760272        0.5484455696337914
        0.7369111300773302        0.5563215517596115
        0.7465712066885616        0.5545560779428277
        0.8498281099513406        0.4951575428128588
        0.8542676143479506        0.5274677316277365
