        0.6589943692088127        0.1059753114915923
        0.4089943692088127        0.4393086448249256
        0.9089943692088127        0.7726419781582589
       0.09649436920881271        0.2170864226027034
        0.5964943692088127        0.5504197559360366
        0.3464943692088127        0.8837530892693699
        0.8464943692088127        0.3281975337138145
        0.2214943692088127        0.6615308670471478
        0.7214943692088127        0.9948642003804811
        0.4714943692088127       0.01132510573027541
        0.9714943692088127        0.3446584390636088
       0.01836936920881271         0.677991772396942
        0.5183693692088127        0.1224362168413865
        0.2683693692088127        0.4557695501747199
        0.7683693692088127         0.789102883508053
        0.1433693692088127        0.2335473279524976
        0.6433693692088127        0.5668806612858309
        0.3933693692088127        0.9002139946191642
        0.8933693692088127       0.04836214276731243
       0.08086936920881271        0.3816954761006458
        0.5808693692088127        0.7150288094339791
        0.3308693692088127        0.1594732538784236
        0.8308693692088127        0.4928065872117569
        0.2058693692088127          0.82613992054509
        0.7058693692088127        0.2705843649895347
        0.4558693692088127        0.6039176983228679
        0.9558693692088127        0.9372510316562012
       0.04961936920881271        0.0853991798043495
        0.5496193692088127        0.4187325131376828
        0.2996193692088127         0.752065846471016
        0.7996193692088127        0.1965102909154606
        0.1746193692088127        0.5298436242487938
        0.6746193692088127        0.8631769575821271
        0.4246193692088127        0.3076214020265717
        0.9246193692088127         0.640954735359905
        0.1121193692088127        0.9742880686932383
        0.6121193692088127       0.02367078474262108
        0.3621193692088127        0.3570041180759544
        0.8621193692088127        0.6903374514092876
        0.2371193692088127        0.1347818958537322
        0.7371193692088127        0.4681152291870656
        0.4871193692088127        0.8014485625203988
        0.9871193692088127        0.2458930069648433
       0.01055686920881271        0.5792263402981767
        0.5105568692088127        0.9125596736315099
        0.2605568692088127        0.0607078217796581
        0.7605568692088127        0.3940411551129915
        0.1355568692088127        0.7273744884463248
        0.6355568692088127        0.1718189328907692
        0.3855568692088127        0.5051522662241025
        0.8855568692088127        0.8384855995574357
       0.07305686920881271        0.2829300440018804
        0.5730568692088127        0.6162633773352136
        0.3230568692088127        0.9495967106685469
        0.8230568692088127       0.09774485881669517
        0.1980568692088127        0.4310781921500285
        0.6980568692088127        0.7644115254833618
        0.4480568692088127        0.2088559699278063
        0.9480568692088127        0.5421893032611395
       0.04180686920881271        0.8755226365944727
        0.5418068692088127        0.3199670810389174
        0.2918068692088127        0.6533004143722506
        0.7918068692088127        0.9866337477055839
        0.1668068692088127       0.03601646375496675
        0.6668068692088127        0.3693497970883001
        0.4168068692088127        0.7026831304216333
        0.9168068692088127        0.1471275748660779
        0.1043068692088127        0.4804609081994112
        0.6043068692088127        0.8137942415327444
        0.3543068692088127         0.258238685977189
        0.8543068692088127        0.5915720193105223
        0.2293068692088127        0.9249053526438555
        0.7293068692088127       0.07305350079200382
        0.4793068692088127        0.4063868341253372
        0.9793068692088127        0.7397201674586704
       0.02618186920881271        0.1841646119031149
        0.5261818692088127        0.5174979452364482
        0.2761818692088127        0.8508312785697814
        0.7761818692088127        0.2952757230142261
        0.1511818692088127        0.6286090563475593
        0.6511818692088127        0.9619423896808925
        0.4011818692088127        0.1100905378290409
        0.9011818692088127        0.4434238711623742
       0.08868186920881271        0.7767572044957074
        0.5886818692088127         0.221201648940152
        0.3386818692088127        0.5545349822734852
        0.8386818692088127        0.8878683156068184
        0.2136818692088127        0.3323127600512631
        0.7136818692088127        0.6656460933845963
        0.4636818692088127        0.9989794267179296
        0.9636818692088127     0.0008084162012401982
       0.05743186920881271        0.3341417495345735
        0.5574318692088127        0.6674750828679068
        0.3074318692088127        0.1119195273123513
        0.8074318692088127        0.4452528606456846
        0.1824318692088127        0.7785861939790178
        0.6824318692088127        0.2230306384234624
        0.4324318692088127        0.5563639717567957
        0.9324318692088127         0.889697305090129
        0.1199318692088127       0.03784545323827723
