        0.6383747014321708        0.5014699490300486
       -0.5935885908156123        0.2380062059324257
        0.1351788964410107       -0.9437801837111242
       0.06378314521551187        0.3040165778296138
       -0.7338979296435046        -0.240599663494757
          0.43848036448298       -0.3927204338606354
       -0.4340789244759095        0.8112150494996073
       -0.2483433981586184       -0.3997748438807057
        0.8489660404529459      -0.02740495149529928
        0.6849167979931704       0.04881955587257349
       -0.5522634042866603        0.8163942071661959
      -0.05925019518767874       -0.1218966102032156
        0.5172364155589789        0.5008351621327241
       -0.4981671965706481         0.142122529775381
        0.2132041058062525       -0.8502431290379058
        0.0390724560444146        0.3766201168119807
       -0.7323183153060879       -0.3272296659474288
        0.5079039272676725       -0.3679714253510557
        0.9018797836234094        0.2828112888485978
       -0.2093627445755648        0.1924489812719193
       -0.1661227654498903       -0.7438229601243118
        0.3098199433300027        0.4846452021054233
       -0.9105894847062382       0.04118445764168919
        0.2088785798036932       -0.4027891608621127
       -0.1083597632823485        0.8331431635140543
       -0.5362994089511632        -0.410185705708336
        0.9026774430103164       -0.3755566576286055
        0.1914487760106018        0.1138715740334484
       -0.6467966120096008        0.3623168667088446
      0.007104780390448357       -0.5473288694235087
         0.294906873271272        0.8441855870045251
       -0.4105498492779441       -0.0778985909158192
         0.536077262663936       -0.6222865398380028
       -0.2307990934001657        0.6093858774983831
       -0.6084730983098776       -0.7445668927920384
        0.3304822226474752      -0.05385972263943938
        0.7737433893559074         0.115933328412694
       -0.3747831672391804        0.4708045738552051
       -0.3399738604703306        -0.864023809513206
        0.3225254327895107        0.3648242239939003
       -0.8413849037969915        0.1708531909896336
        0.2217075603218762       -0.6617893372553946
       0.02563542201042649        0.9932080317572749
      -0.09027710508141346      -0.04906030479860624
          0.60937915134286       -0.3731138152326558
        0.4737618924243105        0.1900172057876569
       -0.6858607588583235        0.5386574873396799
      -0.05216452271768738       -0.3644663657711759
        0.3760537202343761        0.7029512562807596
       -0.6206069217708297      -0.02009770780333124
        0.4966515854421943       -0.7993084960680498
      -0.05552640917128372        0.2645253997130633
       -0.5638462190052909       -0.5051082166449583
        0.5401155820077622       -0.1770085514353163
        0.7414422808959499        0.5228003570280189
       -0.4039548634737006        0.1867547522414265
       0.07555123598533794       -0.8320750446623792
        0.1711217081890626         0.647127676888626
       -0.9396720882019257       -0.2550945625901208
        0.1450541966238987       -0.1441046468737495
       -0.3132678623695778        0.6660856668741701
       -0.3083863660596861       -0.4435140566400506
        0.8866991070167459      -0.07464290203708647
        0.3980067556136771        0.0916378289500981
       -0.5565526281269692        0.5975416649354054
       -0.1891239967505175       -0.6172835515886707
        0.5766927306859421        0.7643509426845787
       -0.3205349390085449       0.03955024757951781
         0.303317752610046       -0.7157549931089574
      -0.03079878815252785        0.5944394871281251
       -0.7754717196371889       -0.5029418269062078
        0.4265379967960709       -0.2176515713198682
        0.7655995040104455        0.3783705441333567
        -0.575973450481896        0.3841372847678179
      -0.06387387970773367        -0.987535820464197
       0.06504032878508918        0.1481608073693587
       -0.7210043477087865      -0.07959019910667338
        0.3111152674780769        -0.423543574559758
       -0.2472597776627183        0.8456030224396055
       -0.2686333072324416       -0.2811014326789769
        0.7839972618476979       -0.1911286546390286
        0.4878050092185529        0.4040150271835198
        -0.889955504821094         0.330395321769913
       0.04982992599216706       -0.2935964027102986
        0.1380750912826356        0.7547298446305833
       -0.5481321957488609       -0.1955325169692886
         0.697751086054596       -0.5931486248137513
       -0.2285568720716162        0.4018004796384041
       -0.4270812025723478       -0.7288919780174357
        0.6809278985989036     -0.004366476668210972
        0.9816603312017785      0.004986316639273034
       -0.1208773829701495        0.2069312144049335
       -0.3700177095650802       -0.6484741813033305
        0.4229293335996829        0.3585563386550862
       -0.8459317581305472          0.30303684560623
       0.07630428770556624       -0.4202493603642471
        0.1393156056510035        0.8142622619469152
       -0.6167872728980425       -0.2280467697640298
        0.7428549601338752       -0.6169265575522839
        0.3365669156605194        0.0815756121127971
       -0.5432195381642274        0.5699512282340097
         -0.17147767177327       -0.5835471508730306
        0.5531633443875434         0.750960840280504
       -0.4918450392069495       0.05495749827209215
        0.3458752672882526       -0.7907605002066634
      -0.04447255814320762        0.7021068727629803
        -0.830573092924039       -0.5523406616567427
       0.07306189618975999      -0.03622952572101169
        0.6344514667719166        0.3226793385387053
       -0.4246725171429909        0.2762315557503319
      -0.04616613370955903       -0.8686307082455259
        0.1420182334006012        0.3338883654615492
       -0.7889117496444126      -0.09627497328903578
        0.3714241686428283       -0.4936544400254053
       -0.2738630220143767        0.8981367737610825
       -0.1794836831485753       -0.1921879983043545
        0.7349594619497396       -0.1702504287787906
        0.5630057494047467       0.04663845351222819
       -0.5156980806970892        0.7437782658656752
       -0.1880579905553944       -0.3984781190944867
        0.5918446162277283        0.5864047829367234
       -0.6429344428765627        0.1754591729486286
        0.2471518965807019       -0.9397162120690347
       0.01786275775852081        0.1938595911841174
       -0.6661255414564428       -0.3068833365110815
        0.4381017024112969       -0.3097862449385645
        0.8438635676738708        0.2753087328101656
        -0.300264415768168        0.2697070630002363
        -0.168322486556837       -0.7965978657567042
        0.3398573756409543        0.5453417125355955
       -0.9549156460947507       0.03219826163409296
         0.149092901176783       -0.2795924284159046
       -0.1087604091226504          0.76718432766597
        -0.466022183497154       -0.3649985530072108
        0.8554369416179163       -0.3444245318269278
        0.4052257350016486        0.2473716291355708
       -0.7477973179815617         0.407676085180865
       0.01687157245161584       -0.6892865654079025
        0.3149768039738777        0.9360503363426639
       -0.1463045566142873      -0.02950586251424501
        0.4779413409038895       -0.5420772028630283
       -0.1904109921148174        0.4858181483751545
       -0.5482348202410775       -0.6868145317944621
        0.3794522933001417      -0.05737226087645496
        0.7942301280462474        0.1283515598364671
       -0.3981956135030756        0.4885855836961647
       -0.3366841055517508        -0.885392247694563
        0.1903288346798645        0.2203419022751177
       -0.7511109132987107        0.1435549202653443
        0.1900900551952404       -0.5464809146939014
       0.01307688530693984        0.9135669730673728
       -0.3998876737689745       -0.2233057714803873
        0.7235068595809692       -0.4316404097719494
         0.626392708973086        0.2596301087204092
       -0.7773714204189118        0.5962124570358255
      -0.03014496968837711       -0.2293837396401487
        0.3433851012386329        0.6600093116435151
       -0.5504016543634591        -0.024158602666133
        0.4818080156732281       -0.7559012205585059
      -0.09154610523213404        0.4124862783483104
       -0.6071862714689548       -0.5566421210692212
        0.6243664461612515       -0.1967032285367523
        0.7810828165864983        0.5643006759185349
       -0.3108046467918685        0.1393775116056911
       0.07995122093653156       -0.7807902544727172
        0.1479341682273394        0.5866354072843694
        -0.895238536083216       -0.2541133265304929
        0.3522408467371368       -0.3419824631449946
       -0.3752893327559526        0.7747151321152856
       -0.3933985695039636       -0.5798820437994678
        0.9928882032546194      -0.07210156063932535
        0.1202051652595521      0.003719872811869472
       -0.3776722513585906        0.6097760160604435
       -0.2432312634007717       -0.4531022751137729
        0.6520758874792546         0.582460433142849
        -0.354708793164544        0.1168109209815823
        0.1631526436756227       -0.7828437481838045
       0.08930674801070701        0.6176466821481071
       -0.8758354743609459       -0.3498218704708864
        0.2179318736713598       -0.1716648410330525
        0.7333343657203814        0.1979490521884325
       -0.4050747702473975        0.4035809085150471
       -0.2337405201142357       -0.8788222166431271
        0.2570865124943528        0.3686049976632217
       -0.8347776599188991       0.07147991122783671
        0.2852437472686315         -0.60876853060335
      -0.08683205221971461        0.9718144441796106
       -0.1749129939952002       -0.1229575688619768
        0.6700868887206423       -0.3109608991071101
        0.4781716231084828        0.2589691450011213
       -0.7600833057424914        0.4668902307185052
      -0.01125409258036775       -0.4130211430532403
        0.3009625026966991        0.7616657345445914
       -0.6416008567611822      -0.09519170033217038
        0.5965289368045205       -0.7515759088499852
       -0.1040485698878961        0.3120689255807062
       -0.5173840050223183       -0.5835468366428512
        0.5863668360775506       -0.1199460410235187
        0.9209497435628263        0.1003229238029736
       -0.2853314531532664        0.3896140154694874
       -0.3453153523123202       -0.7835626501220122
         0.480984672407427        0.5018633918886023
       -0.9630185768613232        0.2362378882161039
       0.04844288640235929        -0.166557515488857
       0.04803714914708629        0.7264850662681467
       -0.4747900371738387       -0.2338002134500257
        0.7340924367616877       -0.4911175149575712
        0.3711082792591877        0.1317830196728602
       -0.6159148145012924        0.5251067134275197
       -0.1154372718962893       -0.6259092230235587
        0.4821326393859005        0.8201440344522405
       -0.3042735863677344      0.002388272959608885
        0.3796543202026907       -0.6696646297664567
      -0.09711070974552546         0.577198084942711
       -0.7077815141453988       -0.5844941808460193
         0.437066523303721       -0.1629753767168849
        0.7113782935786537         0.459922865961169
       -0.6086421467136719        0.3116774878822431
       0.04948546628146958       -0.9824150384820655
       0.07289125704529806        0.2366959734663203
       -0.7303632493116445       -0.1670558088297117
         0.379709606796296        -0.408850502892457
       -0.3502635177116886         0.829851545379682
       -0.2604845871793691       -0.3442178075736442
        0.8220733110578717       -0.1026332814206014
        0.6491561487717386        0.1222064389492519
       -0.6305058205924909        0.7340303327573067
       -0.1165338595240208       -0.3320511689382353
        0.5006775488083096        0.6108683256873902
       -0.6033196069216695       0.09921477265354618
        0.3298366571087193       -0.8746690224514401
     -0.005758249798436367        0.4988035302281566
       -0.7443743570455004       -0.4412991454579431
        0.6156962127829364       -0.3460582216528916
        0.9130519484206097        0.4064163612530148
      -0.03401308525954709       0.02471672996048414
      -0.07410808646496282       -0.7044684508402873
        0.2200006158462413        0.4509628984030586
       -0.8649389232884525       -0.0604025304885915
        0.1990705200993874       -0.2951927077964023
       -0.1914557346673137        0.7681878080077892
       -0.4415801365296415       -0.4263505479429761
           0.9000621231409       -0.2581781965927957
        0.2015859669016463        0.1537234681404927
       -0.6931318794145485         0.289544477495373
       0.07150428223454755       -0.5560170360078321
        0.1979509127529968        0.8803881205747089
       -0.4153044980788567       -0.1295761574684231
        0.6104176562098385       -0.5627238147582704
       -0.3042689239574278        0.5888023680511159
       -0.5231788184923988       -0.8158135391066456
        0.1815104785916358     -0.008470706596738185
        0.7289035886522955       0.04144110469832874
       -0.2917198097860607        0.4448790389388977
       -0.3982293623444856       -0.7902095808553051
         0.289519066993363        0.2723903753000559
       -0.7767818676528954        0.2337257726364219
        0.1464479924841307       -0.6217481742684741
         0.111935403722146         0.946302421059131
       -0.2839526973184949       -0.1220191476546364
        0.6183581415536966       -0.4616828083035702
        0.5633464511035868        0.1678051928213389
       -0.6679604791511615        0.6319387668128642
       -0.1089282916316475       -0.4567848880939731
         0.467423071605278        0.7085432088728957
        -0.684726612338614       0.04083225519241183
        0.4409143872206324       -0.8809723661106896
      -0.01512913782699739        0.1310111289067629
       -0.5775616377209537       -0.4287369372259667
        0.4745258304016966       -0.2054702971000747
        0.7592523625029363        0.4369538382283908
       -0.3265328570672242        0.1891272057751831
     -0.001109871511753023       -0.8014933405175867
        0.2150606532079218        0.5883381019028044
       -0.9305401183519336       -0.1627510210302294
        0.1813859389333265       -0.2167762622292586
       -0.2594595550781763        0.7159424180668774
       -0.3698023125970835        -0.439475888197136
        0.8969247087588078       -0.1594329750294482
        0.4485710578336988       0.06063672800184091
       -0.5134071088689126        0.6643086235114499
       -0.2559440411365931       -0.6240075756875734
        0.6576782322003993        0.7227393372430826
       -0.2154872366857805       0.04698997269991885
        0.2251793379797107       -0.7056465634124721
       0.02194620416172922         0.546041363663692
       -0.7912594358025489       -0.4153929608963598
        0.3522185048905646       -0.2226767422104699
        0.7660798837825951        0.2945580051067333
       -0.5060546407231254        0.4093305599529568
       -0.1498170618320422       -0.9493143076414823
        0.1614645475072705        0.2916710589124075
       -0.7816294815031406       -0.0140769440555914
        0.3097985319283637        -0.514944342937995
       -0.1775715961877552          0.91082991548156
       -0.3665707155255495       -0.3190120957391731
        0.8113980262303487       -0.2788835773908298
        0.5755414650086723        0.3935668034330181
       -0.8953007959087309        0.4296269213561992
         0.007449745823132      -0.09759512280838341
        0.1923868478866751        0.6874355296819055
       -0.4935607475854289       -0.1264044902356133
        0.6094045555077863       -0.6230621112177903
       -0.1513446356854595        0.3341782577578144
       -0.4641167631621156        -0.647437979161505
        0.6171487140913136      -0.06089147234425159
        0.9194781458650876        0.1978389395071493
        -0.180143674922514        0.1990692419592346
       -0.2319334789234828       -0.7199216402243115
        0.3482846113435181         0.448082733666571
       -0.8981745191285629        0.1239469237092532
        0.1673277717201937       -0.4111954809089802
      -0.03121876474648295        0.8343294885334669
       -0.5661540588933919       -0.3557385111389411
        0.8604040650827797         -0.45473635383356
        0.1824170870098751       0.08691555140275159
       -0.6058990371344233        0.4167933102970721
      -0.04253513695317799        -0.537606797606938
        0.3691169572435448        0.8090630251000721
       -0.4053640698707885       -0.0388622897756061
        0.4735686580581496       -0.6645020939122886
       -0.1720704421760121        0.6214676738480968
       -0.6710466168577909       -0.6822952034951776
        0.3111779283790443       -0.0806139169035911
         0.605264500489605        0.4868112479759292
       -0.5542239409755835        0.2148630493088693
        0.1414741418075119       -0.9128610923402535
       0.09273467145719243        0.4687542932267814
       -0.8078461237153407         -0.27516349159529
        0.5204568041964754       -0.4554723061552746
       -0.4766497979368989        0.8666806083186159
      -0.08222026439703237       -0.1358128669577916
        0.7245540767820726      -0.01505644470953186
        0.5245509214379014      0.007185925650975006
        -0.450632054471742        0.7563967597705517
       -0.1891659042371998       -0.3382625716554157
        0.6105445353334604        0.5267263778122959
       -0.5973743143027046        0.2082047917800797
        0.1775394724654516       -0.9320327475070294
       0.04742620720158814        0.2923286875749364
       -0.7167274251027941       -0.2720424687697334
        0.4502418885276221       -0.3674065167139705
        0.8876165786754613        0.2232534791874056
       -0.3210600147031606        0.3310978309618156
       -0.2310237296818647       -0.8119934378014969
        0.3986898603290337         0.551136736191327
       -0.9760099771774396        0.1005476561581941
       0.09708950077029239       -0.2168615584860261
      -0.05357040412615565         0.744033277824704
       -0.4583024416055448       -0.3105063263883828
        0.8079530775187354       -0.3920039939041657
        0.3780113524090088         0.196373939611968
       -0.6958467037647822        0.4441313674674421
       -0.0292067120994628       -0.6562029218748968
         0.370089445953036        0.8913411853510347
       -0.3419862882110952      -0.04472902172427257
        0.4784069616278768       -0.6245655175998719
        -0.182163590680815        0.5794581373482343
        -0.630351398441353       -0.6867404321807792
        0.4821198629334855       -0.1073114368266954
        0.8589385243676497       0.07861245490338763
       -0.4054215462200772        0.5740981419316166
       -0.4177195384912188       -0.9052434445338425
       0.05305017109077145       0.05347650003555384
       -0.6876082920786944        0.1812978030022248
        0.1328234439426821       -0.4878852215921465
       0.07229772973089026        0.8662834957359928
        -0.327005969889563       -0.1540816418831229
        0.6523472593120493       -0.4528985647767838
        0.5848898458702306        0.1964126393761629
       -0.7035311262750219        0.6210620025979789
      -0.05177555816843384       -0.2559166823111769
        0.3931426009822339        0.6431274772560545
       -0.5638917071209295       0.01414918192181521
        0.4324730217907011       -0.7944439200673844
      -0.06543971245103687        0.4346167285587824
       -0.6510096892262569       -0.5189994616975485
        0.6196576007333603       -0.2433074486368802
        0.8245332081666893         0.513146222181514
       -0.1694998952765046       0.09051984428878941
       0.02424295547135331       -0.7323498725464671
        0.1664505666059456        0.5091348206372968
       -0.8680358622666946       -0.1828600517546924
        0.2687133298075793       -0.2995283009876293
       -0.3034049471554675        0.7548970093664438
       -0.3960572488843423       -0.5050373375454322
        0.9454107981967165       -0.1346197584378321
         0.310832194008257       0.05298494009457772
       -0.4942768836222879        0.5959147749682432
       -0.2053349739431688       -0.5543118302765789
        0.5964306783389327        0.7026339748723892
        -0.466061092035427       0.08491828542521321
        0.2865450305290743       -0.8014461941939114
      0.003922061274146542         0.688773311143931
       -0.8576755489900411       -0.4886887653440013
        0.1259718891005703      -0.07368948273156993
        0.6645792407167724        0.2821940635752833
       -0.4160190218235717         0.313412236822003
       -0.1069223822442533       -0.8717033101256566
        0.1736049879494101        0.3408230697413218
