                      0.89        0.6589943692088127
                       0.9        0.4089943692088127
                      0.91        0.9089943692088127
                      0.92       0.09649436920881271
                      0.93        0.5964943692088127
        0.9399999999999999        0.3464943692088127
                      0.95        0.8464943692088127
                      0.96        0.2214943692088127
                      0.97        0.7214943692088127
                      0.98        0.4714943692088127
                      0.99        0.9714943692088127
                         0       0.01836936920881271
                      0.01        0.5183693692088127
                      0.02        0.2683693692088127
                      0.03        0.7683693692088127
                      0.04        0.1433693692088127
                      0.05        0.6433693692088127
                      0.06        0.3933693692088127
       0.07000000000000001        0.8933693692088127
                      0.08       0.08086936920881271
                      0.09        0.5808693692088127
                       0.1        0.3308693692088127
                      0.11        0.8308693692088127
                      0.12        0.2058693692088127
                      0.13        0.7058693692088127
                      0.14        0.4558693692088127
                      0.15        0.9558693692088127
                      0.16       0.04961936920881271
                      0.17        0.5496193692088127
                      0.18        0.2996193692088127
                      0.19        0.7996193692088127
                       0.2        0.1746193692088127
                      0.21        0.6746193692088127
                      0.22        0.4246193692088127
                      0.23        0.9246193692088127
                      0.24        0.1121193692088127
                      0.25        0.6121193692088127
                      0.26        0.3621193692088127
                      0.27        0.8621193692088127
                      0.28        0.2371193692088127
                      0.29        0.7371193692088127
                       0.3        0.4871193692088127
                      0.31        0.9871193692088127
                      0.32       0.01055686920881271
                      0.33        0.5105568692088127
                      0.34        0.2605568692088127
                      0.35        0.7605568692088127
                      0.36        0.1355568692088127
                      0.37        0.6355568692088127
                      0.38        0.3855568692088127
                      0.39        0.8855568692088127
                       0.4       0.07305686920881271
                      0.41        0.5730568692088127
                      0.42        0.3230568692088127
                      0.43        0.8230568692088127
                      0.44        0.1980568692088127
                      0.45        0.6980568692088127
                      0.46        0.4480568692088127
                      0.47        0.9480568692088127
                      0.48       0.04180686920881271
                      0.49        0.5418068692088127
                       0.5        0.2918068692088127
                      0.51        0.7918068692088127
                      0.52        0.1668068692088127
                      0.53        0.6668068692088127
                      0.54        0.4168068692088127
                      0.55        0.9168068692088127
        0.5600000000000001        0.1043068692088127
                      0.57        0.6043068692088127
                      0.58        0.3543068692088127
                      0.59        0.8543068692088127
                       0.6        0.2293068692088127
                      0.61        0.7293068692088127
                      0.62        0.4793068692088127
                      0.63        0.9793068692088127
                      0.64       0.02618186920881271
                      0.65        0.5261818692088127
                      0.66        0.2761818692088127
                      0.67        0.7761818692088127
                      0.68        0.1511818692088127
        0.6899999999999999        0.6511818692088127
                       0.7        0.4011818692088127
                      0.71        0.9011818692088127
                      0.72       0.08868186920881271
                      0.73        0.5886818692088127
                      0.74        0.3386818692088127
                      0.75        0.8386818692088127
                      0.76        0.2136818692088127
                      0.77        0.7136818692088127
                      0.78        0.4636818692088127
                      0.79        0.9636818692088127
                       0.8       0.05743186920881271
        0.8100000000000001        0.5574318692088127
                      0.82        0.3074318692088127
                      0.83        0.8074318692088127
                      0.84        0.1824318692088127
                      0.85        0.6824318692088127
                      0.86        0.4324318692088127
                      0.87        0.9324318692088127
                      0.88        0.1199318692088127
