        0.7405703263451607        0.6006263417405915
        0.3874747598831513        0.4669889934151303
        0.6672640277681889        0.6030041294283985
        0.6761415731190922        0.6227388023484678
        0.2144692832970965        0.3463864450271812
        0.1238201870067738        0.3919418353970749
        0.4827410025154309        0.4698783664537385
        0.5823572116700896        0.5524564870486903
        0.4332308327425483        0.5043550408933057
        0.8168425728489469        0.6518440761697526
        0.5233350085406107        0.5140156576328225
        0.7980531891319006        0.6415281309552086
        0.6964987723252807        0.5708994190524507
        0.2810121015862164        0.4843454124309688
        0.4659506679483777        0.5251759087460368
        0.3515634393353973        0.4496979609266508
        0.3941260828344992        0.4818416186685379
        0.4213661139351674        0.4800223485632169
        0.4972141046777915        0.4608832318493591
        0.5610169843412327        0.5829492241134496
        0.3654003352524028        0.4899952024035312
        0.3768765794878637        0.4936391360108819
        0.4152612501086151        0.4314218364815485
        0.3772715786244524        0.5321446729985597
        0.5206033289035588        0.5101075199411994
        0.3859917055935402        0.4017001394557291
        0.5371368171739378        0.4658896378784813
        0.4330432982387508        0.5149842495827425
        0.4826545244872064        0.4978964437105786
        0.3797318731241574        0.4839674307274182
        0.4247843362314658        0.4849297321794331
       0.03015145317011493        0.3307108192424998
        0.2074132560410723        0.4603801196781993
        0.6365732038580412         0.534485109149956
        0.8924221012463371        0.6853909715936187
        0.7062029290669779        0.6419038715092757
        0.6424200085955463        0.6071282012520576
        0.5409754178684462         0.590007497597838
        0.5333475449157294         0.503637092456223
        0.5114199522732283         0.555540260477959
        0.4574206766584732        0.4797067016009302
        0.5988278241071758         0.527331628867364
        0.5209911544352203        0.5219444284424857
        0.6532058357213479        0.5873378245917803
         0.426511895798978        0.5265893529447756
        0.4413646990332258        0.4834331074007029
        0.5920525933917856        0.5910078426190198
         0.569122416872796        0.5427044767819005
         0.359275199187706        0.4696153967953947
        0.3556020830088753        0.4775398357443474
        0.5627262704531126        0.5140288913737076
        0.4132032593222757        0.4241304535486828
        0.4038211093896616        0.4978686833992668
        0.3475430392320708        0.4825133026165306
        0.6593613925050863        0.5475361910767491
        0.5759882165863459        0.5376723410337788
        0.3960587193641454        0.5384549768786404
        0.5208413592592167        0.4632109447137923
        0.6467600789321445        0.5449384733302299
        0.6077749437979293        0.5536977189197869
        0.5825485309833965        0.5551530176496046
        0.8118610113277935        0.6403882611579985
        0.4290074051384787        0.4585356986149959
        0.4629908132886082        0.5023874742036571
        0.1156670737125653        0.3358933029481457
        0.1392120834555075        0.3197628383413249
        0.4752486990037897        0.4843490272816503
         0.604198352413323        0.5899884027310184
         0.655872475018398        0.5383201408159859
        0.5362358041165288        0.4550477373702045
        0.7169215886745832         0.569090498914789
        0.5886339449767515         0.585058502830081
        0.4061889764672228        0.4867867446294429
        0.4977463232781396        0.5499099973994901
        0.3702805540454439         0.441826543670542
        0.8431788830602869        0.6575174735083892
        0.3472935039577877        0.4739459727388524
        0.3276066672258649        0.4560157849755458
        0.4838037823390227        0.4610716380880754
        0.3825213888628053        0.4852285176205364
        0.3528273658347166        0.4459186688886258
        0.3792940101747668        0.4265629044413456
        0.5702413355844291        0.5356123389011689
        0.2149721303580664        0.3694437056881859
        0.5908000177558921        0.5257946115984197
        0.5546057226834645        0.5501051777721074
        0.2919603571165548         0.459115574763394
        0.3441083454064955        0.4776138948407638
        0.5041582845146587        0.4863502105389978
        0.4143103383517029        0.5193219412549245
        0.3247720032334747        0.4372119378274233
        0.6523448100948321         0.535511022721788
        0.3774668594416553        0.4996810867793443
        0.3291744060325407         0.470629333919518
          0.57361232851903        0.5673951621390121
        0.4615282234921359         0.486796685418464
        0.1234546623677828        0.3721654670590738
        0.6166740109169182        0.5390632357840541
        0.5516417209654799        0.5688684669975526
        0.4524500998081181        0.5271989023017846
        0.7269077917633531        0.6331471745915939
        0.4669403962339275        0.5336371125241532
        0.3865842690558372        0.4807422893737032
        0.6991205078946924         0.608214127470517
        0.6060482305862336        0.5773916898917614
        0.6567274780642248        0.5844558518867644
        0.4249862858943212        0.4970591181231051
        0.4620720210555717        0.4878358021546259
        0.6694866602169557        0.5788945036444854
        0.7205763936895172        0.5560050367721953
        0.4055164941167816        0.5046687414946199
        0.5665632878491259        0.6248675104495393
        0.4101672828002962         0.487108219497159
         0.466771439204165        0.5443450724218141
        0.2535934502768733        0.4402180987526875
        0.4571092440349899         0.508631665380424
         0.308355327051397          0.41264611839316
        0.3389034367539275        0.4854659387322638
        0.6544837903426617         0.600103032904089
        0.5588699979535026        0.5500084754080401
                         1        0.7247729362858684
        0.3407486064837547        0.4293316965429075
        0.4363500946556143        0.5246575470081363
        0.5005688902861737        0.5100102089828591
        0.7164443507824684        0.6178198654700345
       0.06868533473954444         0.341455294447934
         0.365433262261097        0.4821030113911267
        0.3164173324992208        0.3937734143782202
        0.4937843471066945        0.5575758610334882
        0.3672871179051306        0.4451914134179624
        0.5067883891235064        0.4722834786847166
        0.5404095848360823        0.5099533400248525
        0.4612522736049994        0.5079324958822946
        0.6078733256155328        0.6175843277196508
        0.3704694153481297        0.4755774222169319
        0.4958516661744756        0.4663618660194888
        0.4093380862418509        0.4732262615576599
        0.3687398756192164        0.4455095225536655
        0.5605335323913393         0.534211361553583
        0.3558240626063237        0.4388314179828769
        0.6960443285189375        0.6044705085906366
       0.08600458543185852         0.389936265913863
        0.3744664136147041        0.4897410994109643
        0.3389040138446963        0.4295683662755669
         0.269622351280658        0.4905637890813646
        0.6497658576094867        0.5724176571915682
        0.3794452378822422        0.4728755203938961
        0.3704957191736482        0.5125431592443421
        0.5938979158841815        0.5590374962406258
        0.5180813706830606        0.5307835780877241
        0.4549420385685873        0.4898248500597657
        0.4047224688654802        0.5078193233604666
        0.5091811149281217        0.5252698062258677
        0.2620797544830301        0.4219938950169894
         0.566973065018922        0.5383336700966905
        0.3950997922242209        0.4973883205002082
        0.5579052119020731        0.6022332850476994
        0.3574190093380131        0.4637075906662084
          0.34685583123361        0.4842687799243511
          0.51416691924421        0.5448079730162971
        0.4298002663302125        0.4559908057882739
        0.4534940070149105        0.5413801578835339
        0.5838509284948338        0.5512463419277971
        0.3811450644865733        0.4970954423084714
        0.8123754119371617        0.6302013821705328
         0.504914754066686        0.5469683348381759
        0.3172867245521848        0.4764237507109041
        0.6061038370701602        0.5509327546136314
        0.4315540581218168        0.4989215950651416
       0.04282087033929929        0.3242974978106202
        0.6908330511454537        0.5674653179890059
         0.730683845221632        0.6161675243918582
        0.6015350546215457        0.5490453499288358
        0.8155255249456869        0.6224783740231539
        0.2013649057591228        0.3848368752551021
        0.6960187170039374        0.6001938501743779
         0.669744695228248        0.6276574977139777
        0.3114895246129729        0.3880043866321896
        0.5087838238902644        0.5055275399220367
       0.04614194632330154         0.305010885851237
        0.5464115085082705         0.604546214713091
        0.2992151250457126        0.3850437244048625
        0.6298257125160633        0.6356921615310736
        0.5798800188283756        0.5217776883667683
        0.5562362856097784        0.5446949338236092
        0.5911594075087591         0.510557444676582
        0.4469601518733789        0.4728457858019862
        0.6688018267262663        0.5695755209795836
         0.707050659677505        0.5810703215309215
        0.4433233853394434        0.5069768959444779
        0.3973274319270097        0.5181026960564127
        0.7310832526547629        0.6176851840079433
        0.4649808913675975        0.4892649962030403
        0.6334738342223309        0.5669209213963217
        0.3367543396074875        0.4271928876748897
         0.754293620496006        0.5890264730466626
        0.4382408172410706        0.4655276944582291
        0.5366835342395656        0.6215424816014119
        0.4810345770180732        0.5488923710936021
        0.3635448693797525        0.4411096250328756
         0.650949904426426        0.5671366036331057
        0.4330067431698934        0.4830421635035639
        0.1760112051438221         0.409149027988833
        0.3891358166131152        0.4234606053358178
        0.5313236201679049        0.5555530131737724
       0.04435749408458921        0.3666325222155073
        0.7081053335097118        0.6127466358909788
        0.6025216902260557        0.5597249471556516
        0.2567381005421187        0.4355394748660362
        0.7553199097660672         0.607569405808371
         0.502111465575521        0.5010608129961283
        0.5390069606138442        0.5146177238232476
        0.4545841143788102         0.541648158080864
        0.3987787172447353         0.491149118780166
        0.4983699419201032        0.5464432347308512
         0.367856632615666        0.4526414925888632
        0.6551303662810511        0.5613336856717328
        0.4540362228374807        0.5340833225012749
        0.4388556162856658        0.5275361974291221
        0.6220692963466444        0.5654303712818534
        0.4305519361781345        0.4664041111524856
        0.4420565187964595        0.5048173422378471
        0.3835740743686441        0.4351746257554091
        0.3147679911115344        0.5010728286490118
        0.3870205542194901        0.3838084387621287
         0.463357605593501        0.5296224182127565
        0.4396407360933833        0.4801771881370184
        0.4781100510735806         0.538594714819393
        0.1457392015603663        0.3905103753418828
        0.3214947539516934        0.4351105142888779
        0.3446180301407584        0.4514194705441347
        0.4728375497702746         0.470584980778381
        0.6680189575400528        0.5724544832303812
         0.325180083626829        0.4109668654444982
        0.4484691065604587        0.5036089856305633
          0.79652938427902        0.6359065608452852
        0.6053299752594286        0.5362188032093398
        0.4538158589887297        0.4779662089953256
        0.2870005858508871        0.4398722525671671
         0.405618344597504        0.4145515997306435
        0.5934396214185343        0.5057261129452156
        0.4607589255389331        0.5044537482161516
        0.5664831426317043        0.5741469218247529
         0.464113173100517        0.5018310412235799
        0.5712464480271324        0.5206531899728479
        0.4057676424011915        0.4690007774378385
        0.2563085835917854        0.4489790905292251
        0.1369868984092213        0.3912466781893935
        0.5082209767912448         0.557574372253239
        0.3800257193593468        0.4292701101083243
        0.4377278500195282        0.5293748951154732
        0.5955937036886805        0.5566519498797911
        0.6910922194034711        0.5368519837054553
        0.3332887029675847        0.4572684574956086
        0.4775675332170641         0.524223781050054
        0.4463504592007451        0.4772442270288972
        0.5600946612415365        0.5900466157831987
        0.5041964902560436         0.505497257549522
        0.5512984902427888        0.6169240443369628
        0.6410782835670131        0.6076775561598582
        0.3490287216846085        0.4088669104391296
        0.7240478369624492         0.590948442301703
        0.2762126914358312        0.3763610483645931
        0.6365757666517354          0.55803694007872
        0.3990312316209088          0.44487599678037
        0.4043346073525996        0.4556631515600692
        0.5805093331700937        0.5060582606101054
        0.2237236172855115        0.3794969244194273
        0.4938549883652041        0.5146035693554661
        0.5335631031983147        0.5565821362056388
        0.3558830110442738        0.4846458807138826
        0.1666889346111772        0.4463330331005324
        0.1086205613917329          0.39706467108522
        0.3676918089024574        0.4146547059175774
        0.3000267466995954        0.4112196051531029
        0.2089677814219898         0.406504361436582
        0.6442739412395029        0.6031811916367853
        0.5801858366107628        0.5156417470822059
        0.4595597819982756        0.5223980175969264
         0.582279044791824         0.582723402581109
         0.246059858195314        0.4150898326993159
        0.4517256484382122        0.5408480481268675
        0.5044930547349532        0.5671190129759311
        0.3830792863028417        0.4155704074745177
        0.4987166571911154        0.5236844214179751
        0.5587890233511107        0.5007004137409342
        0.2759326229995604        0.4153961615689949
          0.51574508100603        0.5735181811349193
        0.3657668609742246        0.4583274857767332
         0.619306807559689          0.54931796967393
        0.5296160000964691        0.5091662878505085
        0.5154718003697757        0.5266056491021033
        0.7785426952271315        0.6473030469996296
        0.2353526921363969        0.4739816260679991
        0.4253888783309411        0.5256517707696089
        0.2864272460752599        0.4175734110502729
        0.3373091261495392        0.5308443192596616
        0.5373892305449557        0.5052759270892216
         0.278589153320882        0.4503710475254101
        0.6543336497736588        0.6524507977612513
        0.2935460870049367        0.4734253425235921
        0.6672589639188121        0.5523024990783216
        0.4299755174108462        0.4880045679950241
        0.3542037877542963        0.4357889200258788
        0.2190618185031481        0.4245063392564969
        0.3982998327464075        0.4857043553524419
        0.3098704375799159        0.4665360558643258
        0.2609256929266359        0.4129196640400707
         0.283170720708311        0.4077896719164845
        0.2728988232160857        0.4282750272636484
        0.3620542533717381          0.44102848354113
        0.6411619259723692        0.5991103410086092
        0.3073959207420852        0.3995242979388002
        0.3964700793508313        0.4424510090523892
        0.6268552510533947        0.5880341150559352
        0.3892549954764897        0.5205417974368125
        0.5347153989298282         0.538573657438446
        0.7812993431891653        0.6154072396116007
        0.5244279779885611        0.5081491226956485
        0.4299974738542627        0.5007643999973932
        0.5644786433757443        0.5323202575206736
        0.3296322221868502        0.4523199311962382
        0.5423907076840268        0.5728388813318191
        0.6183609682132707        0.5534157425630901
        0.2536717292069816        0.4286464543857645
         0.347916452864258        0.4511612221699575
        0.5341246399336491        0.5443707616821768
        0.3623548054652105        0.5004481299834664
        0.6006220664419095        0.5836507015048725
        0.7971411075467335        0.6575275304981754
        0.4003091891478678        0.4750232387182121
        0.5696019100211921        0.5131507383471909
        0.5555347530199976        0.5507888108054241
        0.6711374736547949        0.6174369260373095
        0.4330152134810952        0.4834381401033664
        0.4758841587290532        0.4789730586750873
        0.5068455541236481        0.5596217399348814
        0.4864003036574729        0.5313072389081132
        0.3417056150505692        0.5327195264813654
        0.7950046029010791        0.6323481018422491
        0.4383342079283377        0.5204598628103941
        0.3869027920010947        0.4994847455110725
        0.6515784205303986        0.5761283285248774
        0.4517220211749511         0.508968802440361
        0.4330300214893744        0.5134628700817241
         0.438072761763566         0.460662711384662
        0.5718397343460052        0.5589113364455548
        0.3685210710887876        0.4654306597093314
        0.3690607999323425         0.458059808457715
        0.4582082741353889        0.4818996008714147
        0.5505280846136243        0.5888618672136989
        0.3447303301505475        0.4768116790655932
        0.3479999961794656        0.4486388346433369
        0.5235208369858217        0.5526642694375443
        0.6421060996317087        0.5422463684747613
        0.6717287536737102        0.5726637573310124
        0.5313092778721925        0.5860178855666359
        0.2652624937420476        0.3886346851662867
        0.7753190095066355        0.6495367515266371
        0.6683633370995938        0.5799735169810164
        0.6097374983770872        0.5795252430070724
        0.4445403478709446        0.5075305445135236
        0.6009181871115973        0.5600844569225308
         0.443776905188253        0.4377778338749491
        0.3609746143922439        0.4714980947524404
        0.6446722152500461         0.569961290571219
        0.6060527815538632        0.5516243445773158
        0.4555970733275687        0.5201714350439349
        0.5276202738036674        0.4770571931083314
        0.6103427816237691        0.5424632654681644
         0.801937121069817        0.6391884450040908
         0.392744787348054        0.4691451898709204
        0.6812864775237208        0.5653275095774296
        0.5043612939463544        0.5059543563773372
        0.3384452872769003        0.4059473696660724
        0.6231695850078662        0.5551105012465571
        0.5107462816700197         0.503407511279967
        0.3701745735863509         0.422005491012669
        0.4632133455597754        0.5038189189315433
        0.6111368138880161        0.5628175448019338
                         0        0.3207606912746416
         0.492228285226367        0.5459479134754791
        0.7091970723605523        0.6018934738844094
        0.4195111692602496        0.5276880530577943
        0.6272400777356982        0.5616575010400007
        0.2419855778765293        0.4337423411723117
        0.6559486128868715        0.5487082230450172
        0.5936036597685664        0.5723439307239053
        0.6800324386191398        0.5990918053123275
        0.2142511634180555        0.3450188326197781
        0.5873302079261833        0.5323025408313231
        0.4230620915926852        0.5330457256891334
        0.3612015550032996        0.4382796405078964
        0.5567766539146703        0.4776185821444546
        0.7166676560168416        0.5714942163668562
        0.2272859543942327        0.3265487550132834
        0.4260483131339386        0.5181956575147856
        0.5919194278589065        0.5572366774350397
        0.4307803937189232        0.4818559045203435
        0.3852090464376771        0.4902580647874128
        0.5874301299243931        0.5245283681645229
        0.5421122487508805        0.5251912790066265
        0.4018633840253649        0.4192905289308497
        0.4829219407161655        0.4737429473916314
        0.4536337048957403        0.4997024178446719
        0.6195284857847194        0.5882772011926289
        0.4494267385770259        0.4815888441559555
        0.6472203941628827        0.5995383054172284
         0.328897107134011        0.4308892092067891
        0.5957723440975328        0.5282840854794468
         0.708321178926522        0.5872477350417694
        0.5797232156141046        0.5567360422784013
         0.440819618881565        0.5115879143795093
        0.6434451477264735        0.5664584229015163
         0.527097710163503        0.5085067397403876
         0.179094711496751        0.3651821601220114
        0.6869660848418759        0.5829226664776821
        0.3819453854404147         0.431945068567897
        0.6030454644367158        0.5370175822102878
        0.4203717681706733         0.485107359498285
        0.3918601381692045        0.4395865164148876
        0.6384677535018082         0.571247461149413
        0.5705799573886258        0.5190626868832763
        0.5135297622173559        0.5464461161844263
        0.6267008228724306        0.5451107508180288
        0.5457327144542478         0.542947589755566
        0.3000758686562117        0.3990114039940881
        0.1988289577724082        0.3870511871567974
        0.2027688447158153         0.410462387189133
        0.3198124400324224        0.3970717673947939
        0.5830764469327411        0.5294768447065293
         0.172509360994871        0.3792341259911091
        0.5185927796446927        0.4771166043901266
        0.2015551356244347        0.4517771414427521
        0.2268323931118399        0.4003184225340383
        0.5199435867224879        0.5141558350853744
        0.6248084221168592        0.5722107743068313
        0.5767743286599613        0.5970231038047257
        0.4037998247451398        0.4706180850571942
        0.3196486889242848        0.4042459887005957
        0.5498730436987954        0.5531632920382364
        0.4167922826383261        0.5084314124297518
        0.5367990756316957        0.5610890051377616
        0.4880940872960051        0.5354316796485264
        0.3687190946002713        0.4407282664239668
        0.5658566950183913         0.462687127220366
        0.2938239103706344        0.5083869095435348
        0.8780608341817864        0.6812205520493703
        0.7007751143896788        0.5629015348552198
        0.4158706439744793        0.4511783868597446
         0.520485305372979        0.5547301507295919
        0.4394398226237159        0.4939867706276613
        0.3883673815240722        0.4838619568288233
        0.4198796641987924        0.4384708428151171
        0.3496569070350929        0.4541037895805293
        0.4444502680946034        0.5118597145685476
        0.6982369428152302        0.5963069238714233
         0.457464421150273        0.5058052787786599
        0.4728480005945809        0.5150388517291634
        0.2886846328848039        0.4055021696497049
        0.3893017434763142        0.4819544480956711
        0.7309778216638469        0.5804080151741224
        0.4344595613249889        0.4917185068004575
        0.6068007985838877        0.5892720108897999
         0.667070009705611        0.6302988581911348
        0.6782115337646383        0.6115370997794223
        0.4959697628467273        0.5251415559099395
        0.4626723706745021        0.5364878738036423
        0.2516355699777695        0.4388583577336497
        0.4616677616125777        0.5390249950233789
        0.6818449176379523        0.5755113747607158
        0.2499424104098526        0.4217244815717312
        0.6386925158931687        0.5411832892242754
        0.3067098917932034         0.445198385718593
        0.5389115717227668        0.5074575922605727
        0.5968871362179834        0.5824712947889038
        0.5448883375196477        0.4890775135484381
        0.3791219289296546        0.4476844008822468
        0.1744660278733006        0.3623215955742302
        0.8566443843092998        0.7235212215191138
        0.7047566527959084        0.6054810389518966
         0.392690364208987        0.4600287209829182
          0.38322054648848        0.4300262854499338
        0.2989213660379433        0.4304226575754398
        0.5357419081689976         0.516429548102384
        0.6828857286847151         0.601878194899562
        0.4407317835366779        0.5422651980547937
        0.2988734214354483        0.4077813257881315
        0.7048126304770961        0.5790727689640126
        0.7346898076577266         0.620691038674008
        0.7334280004449524        0.6458101854406849
        0.7196417551574027        0.6095816409138861
        0.4766446540402694        0.5165433842285067
        0.7135956963285112        0.6436996542515582
        0.3925662351111761        0.4694456332101305
        0.5720600942340084        0.5488591721473992
        0.3405226238536229        0.4023834323939402
         0.876802265710915        0.6976890291021334
        0.4743914708712342         0.502860213051884
        0.5582311406265132        0.5076942147034917
        0.4141880183396829        0.4940298100901149
        0.6101315779070544        0.5919356407764236
        0.7530738648263043        0.5798237596232284
        0.4634198403063288        0.5123390696243595
        0.3783435711536057        0.4913025540852688
        0.8936747716716333        0.6791732037925956
        0.8558512587817843        0.7062974620772945
        0.5662547954066983        0.5448311135986778
        0.2286631914826599        0.3594239993989961
        0.3127071249352368         0.445142726118642
        0.4208629980744645        0.4896197175317337
         0.379933235897865        0.5006684308933611
        0.6634551473593581        0.6053034521293623
        0.5116688703151102        0.5397062605153846
        0.6495395663257488        0.5880904156511794
        0.5202216192087108        0.5295420021379037
         0.563038959402691        0.5559780169530529
        0.8494426563732436        0.6881221736904093
        0.3093294847406642        0.4815777020249974
        0.5297213755969362        0.5375027630897605
        0.4778356401038187        0.4993933322961197
        0.2534941574651876        0.3658301360451048
        0.3555487103274787        0.4653073041130895
        0.5024240087041261         0.493475158128261
        0.1924222993855777        0.4355609852070146
        0.3386284474319678        0.5223134823692688
        0.3892732803489363        0.4779582142105911
        0.5140231556478925        0.5276073575462378
        0.4548168800749698        0.5027210885773558
        0.5612896609891034        0.5442727706032612
        0.4195738537093998        0.4847787463339693
        0.6834204432363991        0.5498634149600488
        0.4827490928290173        0.5223805719624248
        0.5296828077410276        0.5017956556912836
        0.5739750449167957        0.5897780293236512
        0.2803996344393999        0.4277265108022836
        0.2308815664744832        0.3971149992400261
        0.3348101603320025        0.4379817895802534
        0.7350415439828216        0.6113879355280054
        0.4294905419849463         0.504546067593553
        0.4783605502946631        0.5316279877542804
        0.4126154261212821         0.523740843531854
        0.4425721122826372        0.5678383893137634
        0.3893219875894756        0.4938653631029136
        0.2176634812368624        0.3816622517041153
        0.4111608051943187        0.5416859739285101
         0.481142362438337        0.6069877458460534
        0.3508799660024809        0.4489505040751644
        0.5768746212541513        0.5516399933968114
        0.5043534366892057        0.5554393833956114
        0.3457998521186632        0.4667474980414588
         0.115945109609867        0.3808329726519822
        0.7195511008023641        0.6091599306685144
        0.4698565493756307         0.490245734549545
        0.5949611044228857        0.5011268740288677
         0.383931644822333        0.4932409773545874
        0.2965543034420011        0.3847802741288551
        0.2400403735615524        0.3825536075280727
        0.4431006213671901        0.5062016954357692
        0.5031107554805171        0.5092360611860336
        0.6064563732155693        0.5684004642601561
        0.7260983991652672        0.5928440922378572
        0.3902765923894281        0.4445244079601156
        0.5028538535839777        0.5226949392862151
        0.4688397199528617        0.5114720076784403
        0.2689855905976877        0.4502732913599879
        0.4892650220458328        0.5389977558017258
        0.5712827651454699        0.5756653462515453
        0.6082489923930438        0.5478412552010459
        0.5849924204162152        0.5704228143667607
        0.6164069787907457        0.5761523469486038
        0.4316963902489131        0.5475447702320024
        0.6273702827495315        0.6171265333191202
         0.367093085391531         0.456831482811537
        0.5457954296922662        0.5318408927845665
        0.3645714946042105        0.4871707434463162
        0.3057435580460882        0.4622515998201836
        0.4722322352971282        0.5311465131159806
        0.2220501149762622        0.3556054683803957
        0.3193888461854506        0.4433895599718817
        0.5274342549149657        0.4985591404737475
        0.2818298167861402        0.4564660583407525
        0.5712766620627436        0.5426052362553666
        0.7610092801932231        0.6020869609124003
        0.7448621825864417        0.5819906510492289
        0.5620919690679747        0.5109031023705256
        0.4772596609880594        0.4767559546300559
        0.2619800739861512        0.4269631495081347
        0.5282281362611689        0.5458490342221625
        0.6595980569505014        0.5685964122808219
        0.5609857904860367        0.5264511292125705
        0.6429305490495667        0.6031504322806311
        0.3803774206067986        0.4653639965138344
        0.5519936313496671        0.5261406628342492
        0.2502396947033691        0.3763651202845643
        0.2905415996467559        0.3819672110314117
         0.526734724833903        0.5533117025489799
        0.3822818069564297        0.4659890726724428
        0.5018786832290707        0.5390729484254957
        0.5356022667422199         0.578518921334511
        0.5877530524333107        0.5533551662964437
         0.376544273313689        0.3955714067975825
        0.3535385006947193        0.5014574727196638
        0.3008826064911918         0.445101330138763
        0.4330019335641181        0.5255454026915641
        0.5846677513892418        0.5634627802456016
        0.3272157190180012        0.4122833131693962
        0.6029171230407023        0.5908148902844033
        0.8209936410601356        0.6315675265342523
        0.4536020947328123        0.5013378432377373
       0.04979994728232472        0.2752270637141314
        0.4250267817223107         0.486786566580016
        0.8352364286182794        0.6415701392935331
        0.7379010009368748        0.5944694569465464
        0.6735892580263223        0.5996150678408417
        0.4725048060329066        0.5569735603176396
        0.5829397006317584        0.5728071829989982
        0.4697097505808907        0.4673684566939426
        0.4340420031022411        0.4902921244376465
        0.3905919446609079        0.5115805074642367
        0.5896139714062946        0.5640463844767412
        0.5634457723450624        0.5496087241016513
        0.3570732526216882        0.4301825517435802
        0.3738192453769587         0.486501227919544
        0.4076060908707913        0.5255414951608465
        0.2242270812383649        0.4506692211952291
        0.5602549291561401        0.5221195668327612
        0.3934398988281102        0.4634318493582326
        0.5441310426145162        0.5502285907710076
        0.1250937363692817        0.3437893940953411
        0.1369484725177888        0.3769091221241505
        0.4191521471913386        0.4766982522895097
        0.4829092682672778        0.5247108062033421
        0.5433578241908736        0.5044633315584213
         0.435068863091177         0.525064450753026
        0.5690563059639614        0.5001092134293023
         0.540846321288653        0.4701545950481954
         0.449176360369165         0.465217584088559
         0.406072924931499        0.5164568723638081
        0.3727060589799306        0.4897718339961059
         0.384077838300025        0.4928747256544084
        0.4684449993451019        0.4303790811816181
        0.3691671848349817        0.4562933155757596
        0.5431621544461259        0.5107206610947749
        0.4502473930805768        0.5351693299352267
        0.6260317492918834         0.529915362417532
        0.4380905795927794        0.4202526273752518
        0.4959720547671938         0.555223480876053
         0.676015044705639        0.5919060385658644
        0.2692224241930653        0.4171683720419634
        0.4262683654279659        0.5076043699959543
          0.67883633045585        0.5901500440820729
        0.5797247619259159        0.5490182163398385
        0.3241094784741599        0.4547403045899934
        0.7692454441524859        0.6434094347417645
        0.3555752919020372        0.4214829028877931
        0.5380514822138593         0.462430324935195
        0.5178636909810173        0.5100208872593318
        0.6461804940532084        0.6100030736083467
        0.7042456829351404        0.5743518132117502
        0.5811520534469475        0.5185843623482929
        0.3925701674738244        0.4819300945346465
        0.2807598685608204        0.4279435284606398
        0.5602254446841449        0.5294229905689469
        0.7112259681001823        0.6135763506478781
        0.3603834201956981        0.4977037057409758
        0.4397965960813862        0.4567763682903684
        0.5841303684977004        0.4929562785645861
         0.597713815665546        0.5023050026564796
        0.2101469236716686        0.3878253355398137
        0.3902021668643478         0.383979055451283
        0.5501303593116826         0.549874969085334
        0.5315059999209012        0.5754725490372048
        0.6057667028600295        0.5760554089560449
        0.6109502090375812        0.5547880537282617
        0.3474182361304659        0.4845243340388166
        0.3068679890143521        0.4653103464127764
        0.3618464009898634        0.5344007876665607
        0.2932574381965176        0.4897744578347583
        0.3992325471518025        0.5268745845532645
        0.5802105656704174        0.5100272417552939
        0.4863727696253107        0.4794517140008136
        0.3626254943412082        0.4577266510805909
        0.3435121755391677        0.4062699333182901
        0.3454631586134013        0.4260789811850071
        0.5614525380941487        0.5570398833831898
         0.572961988097663        0.5397981244375614
        0.5295498166833752        0.5436748296838286
        0.2022140149914984        0.4070629738041473
        0.3335746957231885        0.4215763558401083
        0.4612866640120417        0.5098993800954188
        0.5920331532001624        0.5480506608088431
        0.7727077076175103        0.6389908036196379
        0.6719787335868126        0.5589304658932002
        0.7490405099124183        0.5780143822567567
        0.9211458367730072        0.6276678617784662
        0.8098670042552453         0.655846356867986
        0.4007434129476174        0.4941626889781362
        0.4355992104442669        0.4600683993357209
        0.5381036657712805        0.5695823256595456
        0.3831235532958445        0.5386919825281762
        0.5561697008555221        0.5733752239957309
        0.4196380169278304        0.5052123708831199
        0.7658124694533384        0.6521015174331961
        0.6090612033944416        0.6261949174617858
        0.4462968750117783        0.5174141826334689
        0.6414860907154589        0.5974884335858909
        0.5764694625741944        0.5529607380548373
        0.4505842825172403        0.5037285478743098
        0.4816128052685106        0.4993380356515671
        0.3772223925321803         0.419107849352173
        0.4826201080980917        0.6044493756809498
         0.412694181165124        0.5374614489575067
        0.5434471037447071        0.5005865985168207
        0.5917503108614844        0.6056077832907975
        0.5490439372062678        0.5361286992022207
        0.5945721853996974        0.5841275060455863
        0.4699699774000075        0.5051438680462107
         0.367601626006784        0.4206847882177043
         0.432397325551732        0.4805320590757365
        0.3728401992532169        0.4678559430228629
        0.2526611072668771        0.4316681700419179
        0.1903808519985856        0.3872846173073702
        0.2418582812307707        0.4077762009445076
        0.4130667667136179        0.5372355958582519
        0.7086684373927499        0.5736261806345112
        0.1360566266315466        0.3765888285092394
        0.3943071503829784         0.494060481526818
        0.2530713114607299        0.4273672674530941
         0.330563936682278        0.4263290326080287
        0.4177261742899248        0.5034722838793841
        0.5943826107477131        0.5553899034877249
         0.736205073432486        0.6545328507327872
        0.6626543310880423        0.5873784394321515
        0.5910625438473099        0.5251580761864337
        0.2097356675500196        0.4357941386471282
         0.316962172656797        0.4017173964089039
         0.337618759164044        0.4679969913870311
        0.5159354980057502        0.4799975909060352
         0.523901202064633        0.5380235796103382
        0.4165852809393176        0.4807420202502042
        0.2576412568996888        0.4337722484770021
        0.2448511550056988        0.4300507692251936
        0.2536556063362334        0.3933055102794439
        0.7109826707439674         0.548776246850286
        0.4793551697566753        0.5437134430247572
         0.214386078115032        0.4563961710391446
        0.3573277223484397        0.4495344235493987
        0.1061471164472228        0.3578649512946449
        0.4224592029549361        0.4762087760990352
         0.421489464528167        0.5012693034686472
        0.4247377957486845        0.4340115259338406
        0.5207903531707396        0.5180746208059923
        0.5195750614617719        0.5925797462166748
        0.3932679754130025        0.4685922786181114
        0.5871848538990034        0.5645448571195149
        0.6356074383140778        0.6576650629713022
        0.5092297995680027        0.4984648925990219
        0.4981453938034144        0.5442164232942053
        0.7431112441731947        0.6350949094032816
          0.53070412956216        0.5335788345597603
        0.3822476240289078        0.4890360500524695
        0.5188663387254274        0.5233121697864077
        0.5993666800916385        0.6059187785871132
        0.5455554399656131        0.5261245842134571
        0.4854036774836626        0.5166913466674492
        0.4971920526676846        0.5013151223516088
        0.2668543116848794        0.3798379019608673
        0.8003497387239062        0.6297264784803487
        0.8262263073186608        0.6266556640481027
        0.4067909697706828        0.5096076932202293
        0.2099187608955119        0.4466819890317451
        0.4937661717487528        0.4832130800151808
        0.6347764175301354        0.5935904121293643
        0.4181797610293621        0.4883791132907974
        0.2748423006457546        0.4157306341142621
       0.08897274324873329        0.3247433098304406
         0.390391646122037        0.4651343612910316
        0.2450844240983709        0.4331259851284883
        0.3976572919286919         0.522371434536188
        0.6609534524357852        0.5918466196834865
        0.3818655989697014        0.4804774140557991
        0.4033015462690298        0.4867043319656335
        0.4394352074498915        0.5529118054680617
          0.63751721208616        0.5846664504497561
        0.4400896198642684        0.5104919145423111
        0.5829358563640382        0.5617967669554107
        0.2785664463950108          0.41769421913143
        0.2704347566277365        0.4502153217141437
        0.2618583267885323        0.3882145138108322
          0.36010817035644        0.4681028127402808
        0.6009294940427005         0.578716399018704
        0.6941927888856436        0.5954257738953654
        0.4345782173383971        0.4639406724993612
        0.2347700032021574        0.4143785168173666
        0.5469332386295725        0.6171144143555813
        0.4507165467051221        0.5585388871878726
         0.369110067350313         0.549210557920181
        0.4260119018282902        0.4609050417661795
        0.2889808199177711        0.4024633272017731
         0.528183763933384        0.5761484212947472
        0.4504723276632501        0.5331563542962668
        0.5749020075632414        0.5342291523529666
        0.4074199234976085        0.4896231854918422
        0.7302747287061611         0.616869001766701
        0.2409332562919591        0.4432974017094631
          0.61784054210202        0.5694700122385404
        0.4952137698758026        0.5019729469573972
        0.4290763641372275         0.516730081337884
        0.2120398649487744        0.3606216977188202
        0.4841118810941417        0.5526841190020945
          0.35380262302586        0.4940285461855824
        0.5458591717758782        0.5380699513799055
        0.4006568591385437        0.4188887347563141
        0.4037680257316167        0.4534512862277622
        0.3986644589172931          0.45652794495493
        0.4189635724284546        0.5052211735361537
        0.4888274082178928        0.5272132971229385
        0.4408575059090212        0.5411527455503902
        0.4533620952873668        0.5681354611228764
        0.4225044289636412        0.5064280721533292
        0.5474957838597477        0.6302395192099126
        0.8157217994510827        0.6986943467546705
        0.2826020153832215        0.4647217720314876
         0.260776967495247        0.3944403960159223
         0.438365981321458        0.5341349522722786
        0.5848870391011923        0.5401833950329906
        0.3975059724204075        0.5227058674624278
        0.4192951419698303        0.5194151266037706
        0.1224832965072036        0.3299547900302894
        0.2831941392647923        0.4890469406588759
        0.4971637770839607        0.5281299185021323
        0.6352159208407947        0.6384962375287353
        0.4573816891194205        0.5196221208102476
        0.3003679666331089        0.4644013331335065
        0.6875408369684479        0.5689904747989964
        0.5375559457667272        0.5182385974934195
        0.5248763751415608        0.5515979297124002
        0.3756282861318504        0.4162594095438835
        0.3550781099058748         0.472422804316835
         0.436263294963269        0.5221758981445485
        0.3618446630420761        0.5049920839258785
        0.4094122885215589        0.4324431964160251
        0.4320172841808524        0.5130274913617384
        0.4085676188456692        0.4770292155171828
        0.4262789403792691        0.5255506260785338
        0.4343579342941791        0.5777835398287759
        0.4248813252051597        0.5046196618572831
        0.4056626937313688        0.4554720480868958
          0.28475600510915        0.4070941672148912
        0.4058952197058371        0.4860786901889144
        0.3330724704752395        0.4607324203586594
        0.4905624396648263         0.492191767024626
        0.3298361860112327        0.4719400333836963
        0.3888446950915962        0.5104965129174588
        0.7816818500032846        0.6587864016974524
        0.4652001874155419        0.5504274779301572
        0.3683997378301043        0.4573895581113046
        0.5743732375275238        0.5393157090143891
        0.8241731453836869        0.6115716477157129
        0.4690281572766048        0.5123918132465356
        0.5789438444541778        0.4858422134526742
        0.4947175457551769        0.5130772212326645
        0.5582999515646366        0.5815981004993234
        0.6045975342607922        0.5855593170213829
        0.4342142941549395        0.4562077375838887
        0.6974308229088001        0.5560155597353496
        0.5780246110803672        0.5432663281517354
        0.9380679376003555        0.6781573032906162
        0.3896268296197485        0.5134610455095326
        0.5554773252558979        0.5387687204115322
        0.4602587907997083        0.5364744296011345
        0.5202724884493359        0.5680400810521068
        0.3381697374465722        0.4778087089706283
        0.4387337416367941        0.4767769575555151
        0.5725318444724573         0.567684332619905
        0.6641446439089327        0.5905475077540489
        0.5381116004330799        0.5603036936296272
        0.6311915165487315        0.5504481875207584
        0.2886770710537264        0.4643340809174328
        0.4599521333721586        0.4723228033224021
        0.6042045455110028        0.6295574349981419
        0.6098051719782086        0.5920173123273922
         0.349609669507263         0.508405073837865
         0.463313305612948        0.5379555448980634
        0.4522072835217584        0.4792934117749968
        0.3869184295218298         0.404322325806774
        0.6955402931235769        0.5867379036891277
        0.4099558473980169          0.51903093176964
        0.4995655480698904        0.5657904575798444
        0.2977579677118029        0.4658711729039359
        0.5306766568069463        0.4999573775228741
        0.5260711818450364        0.4811064279738932
        0.5383786425009599        0.5065735882495906
        0.5467116872754516        0.5531892602691215
        0.4677394257884895        0.5241097002132906
        0.2048660297307235        0.3469427141329841
        0.4377973441565128        0.5744845116059529
        0.6438953091546974        0.5566047283508625
        0.4490038957702975        0.5356535500515576
         0.506473792750892        0.5455776666087632
         0.635347331843551        0.5807336193931542
        0.4262689470086407         0.544367090726006
        0.5596904911526387         0.514586492430946
        0.2871521850656061        0.4042825425748223
        0.4291285243525435        0.4946107886414451
        0.5090945797832543        0.5206314640479874
        0.6102719172040206        0.5733842255943208
        0.5263824739586742        0.5731938735203359
         0.486173206811123        0.5104320866427994
         0.722781821608103        0.6169797382860238
        0.2765399777587182         0.397916594224853
        0.4974360201347497         0.472355581813147
        0.5821726262079304        0.5316022274816867
        0.6508782066974166        0.5756629780599204
        0.3818569477512573        0.4849290109590106
         0.355907614201658        0.4723446807661969
        0.5319373769111085        0.4920064917278671
        0.5239393278611427         0.541329397490628
        0.4454250108692858        0.4605389096764961
        0.4024736286396338        0.4780784566201342
        0.5945121061811695        0.5814509230690869
        0.3264593685065452         0.515846950547026
        0.7153997166698411        0.6016963717307218
        0.3160882553296931        0.4230298490589835
        0.6620631690721812        0.5447796922153955
        0.2433528694518168        0.4723474431901736
        0.6353013145372409        0.5329179398624372
        0.2872996720266929        0.4976302358763159
        0.2522790250050547         0.425569443347726
         0.596579053534383        0.5369988144458181
        0.2525414010944607        0.3941411496789937
        0.5924163157999176        0.5538900476638798
        0.2320246361821035         0.421700100687418
         0.471271073538038        0.5292120867564266
         0.188673303563593        0.4008415223360765
        0.4853229184864984        0.5043929171312862
        0.5701638076699408        0.5347965067909307
         0.695715855112728        0.6284955402995528
        0.3931647002182997        0.4707958602755112
        0.3890535113790799        0.4449232447821739
        0.1858260322680239        0.3643965012954888
        0.5327179712545524        0.5082822044296831
        0.4845094951020602        0.5104924091546768
        0.2276176847775171        0.4441063839570693
        0.6870716070467937        0.6277322469802016
        0.3558734862958103        0.4479741052308361
        0.7117494745004539        0.6168542830226313
        0.1687591487423559        0.4356366459241049
        0.4139424264197565        0.5149014632669876
        0.5251709719857942        0.5373947593157306
        0.6499858203568831        0.5735648746825571
        0.3129210973531212        0.4375484544128942
        0.5016104464182628        0.4910801578337951
        0.3600785125181599        0.4911907600064137
        0.5439095994109729          0.56977080484086
         0.593631581487657        0.5306129974835903
        0.2791303879259032        0.4155500121795267
        0.4701330907976721        0.4856492736913045
        0.7393776306442389        0.6233856932648987
        0.7842031636371923         0.665987511082953
        0.4636491290672423        0.4892067562686048
        0.5265957954665662        0.5796891141663528
        0.6607537315783922        0.5866565775621898
        0.5564338308913334        0.5077766398253433
        0.5347082050764513        0.5304571334376225
        0.6204054681789878        0.5964005360829224
        0.6004332833472265        0.5790670240435469
        0.6661663990174709        0.5623622682955345
        0.4307574423232878        0.4753021631522062
        0.6575341319798743        0.6566115294881203
        0.4343938822105762        0.5448141642341338
        0.4307835004378043        0.4908653826613333
        0.5146725562424658        0.5415974752445403
        0.7912839871774517         0.595009635957796
        0.3740783150950831        0.4513348145781902
        0.6354129014578381        0.5835433289472898
        0.5925825994362729        0.5611565889077302
        0.4396802514276173        0.5383758906696395
        0.6156609088121806        0.4901435913516733
        0.6353804073017197        0.6157716149357629
        0.4087391591058794        0.4839427900818917
        0.6179591766718924        0.5852186430384635
        0.4308556595560338        0.4622941706831975
        0.5928081917926644        0.5559972721693296
        0.5601754943992864        0.5148479900242009
        0.4190716524871329         0.472667640484242
        0.5556386824122929        0.5600731834324376
        0.1869199381940761        0.4028189719028302
        0.5047262417787683        0.5147230964725525
          0.64581568681832        0.5260514050615268
        0.3652010901294415        0.5335244518875747
        0.4888036272281664        0.5053764958939838
        0.7755295969726678        0.5925662130802425
        0.4709656339476277        0.5306524872192233
        0.3660988637896514        0.4309130423082007
        0.5908003700756357        0.5420845744412155
        0.6145808968482263        0.5687984197885355
        0.5063234632468167        0.5232055250586986
        0.3820798411470896        0.4547175094088654
