          10.5798066113843          7.88346404615464
         11.12281246105146         2.942609487860236
         8.934473869448992         5.627378629251305
         9.934747453246498         6.369451150425581
         12.37124134028141         5.670030002731018
          11.9846665234805         5.810808530439364
         7.841108071925998         6.541613938140221
         10.29490558426401         4.036808603839743
         11.56013630532726         3.828678774782859
         10.87265491664976         5.589413716429044
         11.75967052357042         2.848177690021142
         10.73666661064998         5.719319968682351
         9.813630116170508         7.874914941742249
          11.4755282012385         6.279001879037342
         10.78307737739283          3.41133767492994
         9.165564401989091          2.80979064201509
         11.38425023741543         3.352516622144273
         12.04633734004752         3.736734981138206
         10.99658225297226         7.469566816731688
         8.743064484002304         5.950066337279536
         8.228677866866402         4.106338295274102
         8.538341449570153         3.674940033548439
         10.59815875093451          7.52150269217535
         11.36112267472822         6.241764170111662
         11.25138709358342         2.544127256404006
         12.39289563952342         5.979946252550281
         12.28473632945411         6.415603042380015
         9.945038549193704         3.138178688676931
         12.15076167880968         3.424399162991698
         10.15191369469349         2.942652349761789
         12.17301742010639         4.119828665342151
         12.22402667221413         5.250062320728652
         11.91914877350956         5.517370889342065
         9.618310214024113         7.779009427249751
         11.04977499594679         5.193676767268643
         10.79644530281821         6.131469950710749
         9.150747656392175          6.11051027681261
         10.44229618801518         6.583592668286292
         7.925857624450915         3.218403523870224
         8.590554683658642         4.141281739984333
         10.29491508450208         2.411680299016395
         7.347779251091302         5.898406391215921
          12.7062567335183         4.026023672858408
         8.894295411880357         4.862252528232018
         8.185756113148482         5.216846005642388
         12.06176379446898         3.553672877665484
         8.720548224419915         5.786505612666048
         11.47524811271835         2.442877335722141
          9.87529866546055         2.847503666168308
         8.825233710913491         3.304553226706522
         7.321931976712998         4.302720155923119
         11.58109136941139         7.058440339211209
         10.31682858440086         3.051227915280602
         8.028349270678293         4.609606065289673
         9.657696359601417         7.811080000607102
         10.20421832129861         2.124640038230984
         11.19985737719539         6.374737831340426
         11.97301347803869         6.811481316864264
         8.784082140000599         7.557508038954778
         8.743118860221159         2.351669554451758
         10.29117918337348         3.957817411731761
         12.39237044569885         6.791036821535858
         7.624738972751429         4.002826360262699
          12.4138729937802         4.911166658147856
         12.24655225279832         5.670249974789652
         12.40133297118545         5.326616684775433
         9.648748714923798         2.380100137327332
         8.583423069064196         5.273606050137244
         10.82802582185766          7.68241216805125
         12.59486095806944         5.677109054269018
         11.59220580385588         7.372909251193031
         8.525157023425901         5.119548318698332
          11.6739107403523         3.673470183126197
         8.635096695950887         4.016867659876393
         7.777588477138714         3.914719390296717
         10.92300894663455         5.406218908309437
         8.574400580473096         3.493215703295111
         8.490706129852883          3.42486031114716
         9.858259581697421         7.648746094427654
         10.23875310233348         2.956761907383545
         8.726590553657905         2.986839224435907
         9.142047566114863         7.395553161245889
         10.55363067112154         2.175018706341103
         11.62996239449824         6.762856027204342
         7.206374006856521         5.170073469865408
         10.74913598139211         3.949314948726426
         8.455427443663185         6.379563084332675
         8.129369035126974         4.190140852575205
         7.392631094563511         4.364727045992514
         8.148097656372363         4.885757158824242
         7.978494996171539         3.820277802860202
         10.94851599958756         7.636122993259065
          8.09558158571047         4.642881833909041
         7.975225438155691         4.612422744344678
         9.505808231017125         3.684319463528396
         11.64662935567751         2.983153330487511
         11.94706095505622         6.070341442835126
         7.228823320728253         5.589452256350929
         8.665476989576257          4.21944165626677
         9.284020726903227         3.353104961138877
         10.27228852873903           6.2150840527843
         9.245543760158554         3.412898202750868
         11.01893402869955         3.129428321436842
         9.331002313957525         5.902517093590732
         9.102267510149023         4.057745779744662
          8.96285410715114         4.888876471582077
         11.78503764867896         4.005553970894274
         11.79656111861743         3.116187480521444
         7.159859455043034         5.817334354526224
         12.48574093330993         6.336820350517857
         9.271619410013898         3.219879088766921
         11.60488313305207         5.372599261490587
         11.80801070637485         3.825957883239135
         8.272122760162979         5.281001794263562
         9.319053040138732         7.002758163923977
         11.88817227221199         4.656279277808073
         8.463612692018497          6.88844771613967
         8.236478948456172         5.906552826376621
         8.817987414579907         5.477732373623001
         10.72156965281952         3.998298232957075
         11.03258921866725         5.025099898845602
         7.563674141945949         5.206220781010273
         8.514252980289825          3.94321289466061
         12.59003024253956         4.056809274627989
         9.711898969907026         6.108292800100936
         12.20262705062154         5.480484246161601
         9.098176764509073         3.164961460964734
         11.45711547062995         7.043235461558201
         8.467109082604962         5.736623078028654
          8.31426999341746          3.22995978645794
         9.470529370202778          7.62184648656214
         8.571046424907395         2.644134861813717
         11.94378974939316         4.836368505543722
          10.9046578478106         6.271081949006993
            10.27482212536         2.888403502112431
         9.779162283288633         7.654656313013449
         11.64648000173089         3.242086475651326
         8.317261625530801         3.222483657395448
         11.39477082821213         2.467654482049192
         7.812603060001432         3.914567239841966
         9.257776654060875         5.802665878176407
         12.08555588369773         5.311368685204951
          8.85294629219953         3.364262375399224
          7.56337693932146         5.091938375368717
         11.81831571529178         5.655368867504871
         7.103132541889311         4.397555163587299
         11.00567048125602         3.033009736916465
         9.584068821655526         6.840318013525479
         10.03312713967604         3.942476461719241
         11.22055510469381         4.659893084215224
         12.29629272041544         3.874206143679472
         8.688669318903193         3.618223958963963
         11.18457892378338         4.819741610878925
         8.231603498981734         6.391144210234152
         11.27883524424222         2.382587445664312
         9.551906427453829         3.085148268228579
         11.01182788096339         6.279755407021382
         9.999369846653934         2.781563143899597
         8.002248437092362         4.968724010719593
         10.45345166958264         3.472573496316675
         7.424288818638627         4.811696680556782
         8.404872344538884         5.773861110113097
         10.76431187303106          2.11498786809836
         8.426464007030608         3.840362986406804
         12.46986355228147         6.624142069257513
         9.529703302450223         3.418199693986178
         8.559042106790582         6.398751565717405
         8.619775149136933         2.432266891214875
         11.87725847514798         4.205779355354235
          12.2559034628474         5.295602284628513
          9.73267657080334          7.86163833270758
         9.880905910756923         6.049444481029568
         8.877737052763777         2.313026581436207
         12.61073814865034         6.329528184393597
         10.80602936541249         7.165337898039382
         9.261460744493585         5.726281128593224
         10.39506349139395         6.368777764065449
         11.84177481591129         6.711265820573191
         11.49734865778839         2.716617633290915
         12.32844147520864         5.202069681143956
         11.36497123955735          5.93477639294003
         11.80262473717355         6.734882546548448
         11.38590031348506          5.71705516844212
         7.232584881620484         4.652278155701958
         10.78758530559262         4.218225306477156
         9.597418413909361         7.726901983074937
         9.397998692759172         2.481179180693889
         7.566528182983371         6.594483546146921
         9.578423019644521         7.877099702351444
         11.72596110542968         4.136664106168443
         8.532836074875316         6.152574160972136
         9.899460852842724         6.067154423090036
         11.86186367420324         3.169337783025424
         7.578914491470911         3.294658976774659
         7.602267817795561         5.472895370274808
         12.03610586062512         7.046854581260966
         8.279736994694563         3.073182219376413
         11.66885490993107         5.202646264009125
         8.277335396805711          5.03752182075346
         7.874587777030275         3.771255249072868
         7.074002049589112          5.01045170891665
         12.15707194715941         3.817488855067882
         11.43794893473749         6.591631375286696
         10.40504978754596         7.533610733816266
         9.587717108161998         3.490223225121922
         12.13085319827794         5.197682163122995
         9.514366378350026         6.020321839469368
         9.536869108717337          2.04067750841299
         8.812018405290786         6.790888550971275
         11.10912356397724         7.731366878877038
         11.17508509216252         2.560008195380512
         10.01825002989241         2.224437766131675
         8.390329009400277         5.738970893502624
         10.85757522352797         3.153703268437194
         9.190661914325183         3.534917464871784
         9.489300344716153         2.663683223988946
         7.395076469608823         6.250965250005118
         8.375136977393208         4.271241079440674
         8.338662019834169         4.273444146062742
         8.236766158083221         2.596935248462339
         9.166120014929275         2.579764530835654
         11.82206773885493         4.271314645712772
           7.8426209880748         6.326719375717161
         11.38355335097954         6.324281954401928
          12.5884045980178         5.225762117034792
         9.738914614392497         3.249237629930323
         11.72266869939033         3.142839073221729
         9.179839220625505         3.479228011308538
         11.75876954980355         6.288671207333549
         7.858337409138437         4.045899063565597
         9.183415276876691         2.854301534638974
         7.370234440121387         5.244270006894008
         7.343179275369573         6.222493096694356
         9.247319253671467         7.362883291897873
         11.98868562922106           4.6479963119956
         12.10468998123934         7.128619211405763
         7.189025275412343          4.66384028406417
         10.17127783333857         2.407534866359373
         7.833070919713307          5.33312482804896
         12.15822589811874         6.440984298253955
          10.7730244883976         7.636409401062425
         12.15574321243266          4.92700223658913
         8.621071401109189         4.385942123993518
         12.47449324847373         4.877459426968678
         7.517097769657386         3.730426106822145
         11.23107504826419         2.900079069417925
         9.891833439258406         7.069809050098123
         11.87119097046215         6.087692305049292
         8.359547347590176         4.715888207526238
         8.644355093144949         7.148025473066563
         8.206977064778641         4.749855253562816
         10.00866338229972          2.00763266080769
         12.53869057823388          6.16502742222974
         8.750394764113684          3.20219586666493
         11.43757407115675         4.044026404191035
         10.68550918020998         2.516672961355437
         9.622699303703211         6.555720352745753
          11.9006843036259         3.044062892982893
         11.59665042947671         5.454759982895731
         9.208887782980641         6.164359946866756
         10.73005273555188         7.422146801505843
         10.06867783494578         7.924493246473808
         11.96213843604297         6.526592607285196
         7.133837923236938         4.553453647464475
         7.461152215524632         5.099537045992453
         8.528384807005445         2.956690064838442
         9.427994782607531         7.686948245730468
         11.03671648880169         7.143191509461399
         12.87316248278848         4.846158271926157
         9.534303982174688         3.511491034134131
         8.184083768770497         4.144342895525599
         11.98364922451704          5.28550829894776
         12.05517102107165         5.469225271346247
         10.72619459443434         7.442393324857868
         8.482053509149571         6.884428189180728
         10.22604714296076         7.205045256777559
         8.900675931055655         5.797258927815115
         7.552008448583617           6.2951182629935
         10.80013136254781         3.393449006482002
         8.507263093740203          5.02084251183986
         8.785377560454897         6.896452243604429
         8.421272942620641         5.813123461919717
         9.122920797719205         6.441078477532728
         11.33574352318318         7.193631333429493
         11.42361105260549          4.80188994097208
         8.306355012851798         7.146206497987836
         8.112099354392726         6.367595826347866
         9.450878011712131         6.578571891587079
         10.14614849090107         2.680223903296845
         7.360271744718345         3.848352989938851
         9.835043168611191         2.252873851521727
         11.06868399198055         4.790016824663214
         10.75193536450666         5.881123473370007
         11.87385410232489         5.587244658602352
         8.174277391519748         5.130041517566508
          7.93178777500637         6.112339974117347
         11.81173590398765         5.401459652952221
         7.861426358134429         3.287255776784107
         8.537079981279986         6.507563512145193
         11.50425765947934         5.386165674984711
         9.912109953819931         6.997429757677545
          9.67231442789746         7.822804032620249
         12.22506745072506         4.308996925688447
         7.611833296809113         4.439040476640589
           10.349114291652         7.111508029469885
         11.35979643608869         3.385274349211623
           8.1223214657221         5.834844716256552
         8.435163914746552         6.691614905917778
         8.658687271512129         6.981359158495069
         7.960555425964925         5.919492758576692
         7.902781303525806         3.732536422354913
         8.761905726186303         5.503082352012085
         10.41523090137212         7.444321647731481
         7.515310012821811         5.534532843952448
         8.736560765591722         4.698011840569623
         9.422607029114168         6.769807507172518
         11.09275003217257          4.39959033261782
          11.9672869609929         7.189868487517657
         10.27026366499226         2.266016668902032
         11.71595264884928         3.979090489823572
         10.67417781943301         2.216557349114046
         8.649134277026668         3.232724665984524
         8.437985242471907         5.346736735929973
         7.757089048603993         3.152031210501368
         8.659213800002739         6.725882333563539
          9.24388923235137          2.81384326449445
         10.99973694013537         4.001756546127388
          8.47132873022284         6.174290883235955
         8.649730017307473         4.601512832189012
         10.93308329811715          5.70952703774842
         11.69430026265711         3.423644136399601
         7.289801347766796         5.541674534929223
         10.71882720757483         3.922611521100872
         9.601242485664883         6.292705060245938
         12.17692256082301         3.866244578424117
         8.095484981038414         3.164871615404977
         8.340740762712009         5.207808191110136
         11.03798380153393         3.666217494404046
         11.80680814688921         5.406748963915205
         12.08184105658166         7.137226498535065
         9.352469329622492          3.28354997351768
         8.523797752868781         3.734366812306755
         7.091731078258536         4.363338896356161
         11.80684113608984         4.387183291777433
         10.24067270709125         3.144670798995461
         7.507936345999823         4.289205069333818
         10.27016633397515          3.73962743884175
         10.55197890748813         2.816254035943431
         10.16578779443931         2.661385596549915
          10.8147270923596         2.527554914587538
         9.887673475212329         6.617560992458023
         8.202469449905816         4.023721327206876
         9.032229094599442         2.871957203259514
          9.65352193809851         3.449441081035959
         8.768527102647461         7.543487952500497
          7.52315590752821         6.545907032936073
         10.38218778477263         6.612442039014431
         10.67641651228817         7.335339685337905
         10.79195518550867         5.886941568458163
         7.109238874445296         5.652158053069987
         8.995613326301143         4.167948859434475
         11.72462156249899         4.148587056387603
         9.881079287798659          3.99561676392847
          11.2835144217252         7.282965260875203
         9.868181128242519         2.863143783914085
         7.189958947570103          4.08566536371676
         8.702705221712741         2.383659482745439
         10.88469445228641         3.419524828241408
         10.40087673555661         7.660972072308688
         7.330594655881478         3.985618912374354
         12.21669728754783         7.017305067268021
         11.32303858700833         3.058910226570903
         9.098267355957306         7.730686385781256
         11.96428161382333         3.104527244274174
          10.6997404537507         7.419433084136681
         7.554963904242937         3.426703445657894
         10.76394999969779         2.385929499332061
         9.498613020781209          7.48800150438948
         12.31098590826888          4.94430177774979
         8.949586139532341         2.197537465578378
         12.22707602507607         5.142144953112183
         8.884140331527774         3.726852076962734
         8.483378465103995         7.582831250065269
         8.474573623129677           6.0106599421503
         7.722487116234519         3.139156492175498
         9.588586326801664         7.090882071171576
         9.099032370088919         7.691241307710589
          9.36168227951042         3.841569206500831
          9.02464305097822          5.53854072863189
         12.38732146920369         5.620915233842053
          7.84518147873889         3.165748573537422
         8.967825384537566         6.494789533817457
         7.661538063850589         4.228782947975652
         12.10260398472286         6.700093467197251
         11.36260634818862         7.520170026760571
         12.50968168627733         5.131156291674494
         8.731059006380868          3.64983409428474
         10.08665579820792         3.971110943841748
         12.10642265046941         3.734225698925827
          9.76443377151636         3.001631708361704
