        0.4000433653384756        -0.323446024423747
       -0.1147249155017277        0.1225951598643709
       0.03785776430010867       0.04777277486681961
        0.1975573448889622       0.02800614404898376
        0.1889912498130243       -0.5407577893180805
        0.2605634144713743        -0.308073146475756
         0.353552913406994       -0.1371742904392941
        0.0126947482810889       0.02392923540272999
        0.1502137872846269       -0.1631994485349725
        0.1841221642864782        -0.323855777531463
       -0.2735691801363865      -0.03852545583838856
        0.3444267749253271       -0.3753067383863558
        0.1438679906223576       -0.3861481929627824
       -0.1617776754407192      -0.05555459845011677
       -0.1895559552344595        0.2711313153094677
       0.08792471417698197        0.1404063489368801
       0.08934763225732299       -0.1555998379093689
         0.207001946513772        0.1287792260638232
       -0.3136299101901088        0.5991310443042717
        0.1460329196223559       -0.3911213006218912
      -0.03923161108192467     -0.005767111278153454
        0.2029419074635185      -0.02242958518297387
       0.06942739316642078       -0.1008463177228962
       0.02255030010395803        0.1269663150556481
       0.07114412543924176        0.1193002634365882
       -0.1557562632495583       -0.2152475122079098
      -0.09575960396081336        0.4758140354389396
       -0.4096866921990284        0.3531885696372616
        0.3205349800907524       -0.3552116401648625
        -0.227568489810115        0.1458668421885853
      -0.01508839610037172       -0.2716657624889778
        0.3664239954608328       -0.6085278748320294
       -0.3551840981901512        0.2876819436026611
       -0.3071705509375806       0.03865157470981195
        0.1001542845481639       -0.4810732661496117
       -0.2179273444163592       0.04909896077495462
        0.3720090842313505       -0.4897639216437304
       0.06062373206549537        0.1729652421470527
        0.1430903215590139       -0.3520203170078587
       0.00894464225339515       -0.4445535288520233
        0.1182118940810755      -0.03770345780546094
       -0.2445893061742037      -0.04015896280919774
      -0.04192431856620413      -0.04451286890747569
        0.2883026671709588      -0.09155782090043428
        0.1343084518901521       -0.4097862164387926
        -0.067814084692461        0.4769904463528519
        0.1017866952323033       -0.2461044461203675
       -0.1599635086082147       0.09555841513659334
       -0.3437576986389845        0.3025255731693093
       -0.2172717357147261      -0.06683505288442719
         0.315198696262612        -0.152315862159721
      -0.09071202711219319       -0.2021141223071745
        0.1851584574580595       -0.5307290245918538
      -0.03424924373104028        -0.305878213939506
       0.02019351601352043       -0.4148481558104567
       0.09623966672348616        0.2351949362560165
        0.3704685960000229       -0.5506601841954476
       -0.2767064946402537         0.351912764059508
       -0.3215024265745725        0.3866441150202811
       -0.2138007254428156       0.08988909270616741
       -0.1319340473471005      -0.01503278966841726
       -0.2090558994615015       0.05045513360183426
        -0.369314587307788        0.4158924788381066
        0.3466825623756515       -0.5025275784243409
       -0.2796993381612206        0.1568295177056226
       -0.1018408888459659      -0.05431290775249647
       -0.1238582761552687         0.290117222323239
      0.004546343756081526       -0.2329795704879417
       -0.2638194472160473        0.2372915541572218
      -0.03861190637405471      -0.08729792906081892
         0.369319298296289       -0.1515482118721836
        0.3575621825803347       -0.4862432694780957
        0.1212695241768405      -0.08964824538002034
       0.01953161852262709       -0.2785735735025712
       -0.1010667265899381        0.5151359775288195
       -0.2168743309211416        0.1492092092138638
       -0.4401834131922362        0.4176701109150216
       -0.3198493208688727        0.4642945712501699
       -0.2756479374364955        0.3842393577651971
        0.1013742393535102       -0.1545249067498103
        0.2713072558971746       -0.1173446879425575
       -0.1132091949410163      -0.09960470966941755
        0.1936757449698459       -0.3371505173726854
        0.2487269696315721      -0.04823839027759665
       -0.1712070222190401        0.2023379822927927
        -0.217480034499563        0.2140686290730347
      -0.07951639112908071       -0.1441350532642294
      -0.03307924599166067       -0.3715267169054629
       -0.1548397518984089        0.2344361353405552
        0.1661371110641861       -0.4126277489983825
        0.2140875017414612       -0.5720330464744807
       -0.1024872999590534       -0.2355595503080961
        0.3383407408241421       -0.3520350257007727
      -0.06535252580267555       0.09001520109054682
       -0.3611429299905391        0.3506940079177908
       -0.3202078164104367          0.17492681480645
       -0.2817273158379346        0.4465192969883119
        0.2508399771047513       -0.4354744841300272
       -0.3051804224110797        0.5457250045763113
        0.1207690402560522      -0.09730575277111508
       0.03635133969319038       -0.3892125225106162
       0.09931039991210344      -0.06720974092655928
       -0.3533927186726767        0.1544454681055225
       0.06202284532794523       -0.3224826152887894
      -0.07612382429748127        0.4558554686083529
        -0.242677140845497        0.1165520336059417
      -0.03234977128906696        0.3505893629665672
       -0.2314620265016708        0.2286940558012032
        0.3205577474522626       -0.1884262111772299
        0.2206244901885714        0.1598704769654587
      -0.06698378524877811        0.3334162130644264
      -0.01280027793126628       -0.4199733370306035
      -0.06311484170691417       0.07591565576764597
       -0.2251484793836871        0.5868376502288829
        0.3151661793527052       -0.1200340763023262
        0.2586753309969196       0.09157749908659678
       -0.2045454877414027       0.02171357033960342
      -0.02914294705390665        0.1869129755061537
      -0.02870004995230088       -0.3807525485469169
          0.28471322824766       -0.1100702376968469
      -0.03970425410711834        0.1907476019582933
        0.1115353477535054       0.04153999656814899
        0.3682545209497848       -0.5670168479796949
       -0.2327397196852247        0.5655818472018223
       0.06604833058798625       -0.3438509144666204
        -0.247016551169818        0.6010907942871041
       -0.2410228338938283        0.3849401148290759
      -0.03228672950222745       0.08406253629307825
        0.1089523344683675       -0.4370720902764496
       -0.3399159675110134         0.246236320568858
        0.3554845290517679        -0.376259378808562
        0.1781975151552726       -0.0603026422369219
       -0.1452766356432946        0.4544363868608876
       -0.3895769652850588        0.1965248499897735
      -0.04531330545315451       -0.1114030679632319
       -0.1122334872668814        0.4685828402316585
     -0.001693292559235791       0.05593081508620668
      -0.06557914176109128        0.1167825882296087
        0.2368517850947288       -0.1248487408605512
      -0.03413176175770954        0.4712793632828886
         0.257379437705185       -0.5471467907704806
       -0.2310170144174051        0.2233289694625786
       -0.3580483295079928        0.4337871143294766
       0.08445978410384145       -0.4173956642122725
        0.3364162001968981       -0.3520494521962044
       -0.1531333522506766      -0.03057391151227248
        0.3478306342708402       -0.2119920938772994
        0.2660460515612932        -0.243857581315203
     0.0005880744058490422        -0.156482338977123
        0.3231235472920663       -0.1247266078031087
       -0.2243989803753268        0.5757531991678019
     -0.006893760219610435       -0.2157893211097838
       -0.3244282304527349        0.2345019134457412
        0.0326227166616443       -0.3577481866188438
        0.1262430726979998       -0.3914516669251634
       -0.2503013916744614        0.5073867029067896
       -0.1533534683715394         0.194128949589549
       -0.3496675624976597        0.1192393694327413
         0.081520593485381       -0.3790083834797909
        0.1876237712183786        0.1412480728970998
         0.347761176274645       -0.6270186116684471
        -0.113552267942854      -0.02453705584124054
      -0.07178761166635288       -0.2597120426004094
        0.2941084991209508         -0.48549954638729
       -0.1289447123509491        0.1405060790132437
       -0.1694214602808653       0.04455561554409932
       0.01068772498751926       -0.3336397918850278
        0.2005823136485814       -0.5988600673868808
        0.3211154925183404        -0.487098405724882
         0.220827923502295       -0.2481710460437582
       0.04258402979344864       -0.2787199542928994
         0.378750322334759       -0.5110585346563089
       -0.0705913865724923        0.3236000382319845
      -0.06248621135810435        0.4245494330589621
        0.1440991431751579        -0.127306417985366
       -0.3508487606521155        0.1013244842183126
       0.01302725678006568        -0.373530499180991
       -0.2523050491877082        0.5685552401020287
       -0.2449548251652232       -0.1269247102005565
       0.03023111923978154        -0.217044856667054
      -0.06447381411226644       0.08430659201134347
        0.2266536621713653      -0.04030553512852329
       0.01742433094158825       -0.2844092250814397
       -0.1106216033778318        0.4031893874007246
        0.1249182650309367        0.1375809811606546
        0.1882973537328234       -0.3299819113948109
       0.03697469141418649        0.2214151397833282
       -0.2320151110897484        0.2347918675899771
      -0.06065875924112044        0.2306896434408546
        0.1546766776327309       -0.1024940558970023
         0.209999346810244       -0.3995908811613255
       -0.1516619258393184        0.2994261455407057
       -0.2390903928615254      0.002594159325969592
        0.1592398098617218       -0.5320541118299743
        0.1359671923141549      -0.04096310263171249
        0.1923313294822571     -0.006823117141111329
       -0.1954831939634401        0.4101441960260057
        0.1919197951793988      -0.03617733729793726
        0.2072075788209669       -0.3849339593363408
        0.1418727143700949      -0.01870612481258591
       -0.2196499655815945        0.2933556768615177
        0.3283460951161717       -0.2745027849786489
      -0.06407374649999915       -0.1376162181299781
        0.2699140761888926       -0.3863444130772339
       -0.2686658392706898        0.3084158238380765
       -0.2996087559059605        0.4680046945398219
       -0.3057583827121452        0.1514352784548547
       -0.1397528878895364        0.1288734384346424
      -0.06252307109642387       -0.2363846868163863
       -0.1004161324006881       0.01613393356460191
       -0.3163496965041601        0.6060570632513997
        0.1160329510408402        0.3060806637131058
        0.3333684156796763       -0.6012897177226842
        0.2737732694248724       -0.5979644399139498
       -0.2781647990845477        0.1529800158839639
       -0.1751339483123147        -0.219161695487955
       -0.3579851237850367        0.2519312548393226
        0.1497342472151399       -0.1995213316616545
       -0.2825017958497523        0.4537539356085719
       0.04267331158891659       0.04410695656615295
        -0.225474780372336       0.01839520166614359
        0.1130185350679424       -0.1775458389900526
        0.1889499366169345        0.1970735696749118
       -0.1292143041000086       -0.2357178878903191
       -0.1236759705686272        0.5183337886026491
        0.1908631480121242      -0.03491037082080511
        0.3447219547448285       -0.2044222503562173
       -0.1022912231419131       -0.1407345299662235
        0.4080687050181953       -0.2561755483604492
        0.1396443723711912       -0.3470176931384141
        0.0942128795073275       -0.4787194873149792
        0.2083084778878124       -0.4500588797203457
       -0.2629947074341164      -0.03861121858068434
       -0.1025407441678893        0.2763608123355549
        -0.363568929723444        0.4286206353561049
        0.0471232030920597       -0.2365602742906328
        0.2710327633355299       -0.3647348288094482
      -0.04781767061300869        0.2512000473751227
      -0.06244654372602203      -0.08887894192167356
       -0.4282454643291275        0.3226468253152252
        0.2274439908306753        0.1381680808675439
      0.008114835942415789       -0.0306391551314052
        0.1330789890762251       -0.4940898899073598
       -0.3131149236479517      0.004460572997988266
        0.4059639094807003       -0.3680567394215313
       -0.1220521841124486         0.497738392964083
        0.1502402847509108       -0.1807352705903987
        0.2935040400013831       -0.4572474178322663
        0.4164809981796969       -0.4624263730555921
      -0.06619297808902547         0.425638131669464
        0.3985753296119332       -0.3848593699891781
       -0.2268678619347185        0.5176761887421383
       -0.2765020221360548       0.02723974785899384
        0.2725788352730226       -0.1138255714001178
      -0.09073911017118838        0.3329519651536906
       -0.2405132785528755        0.2698789317504651
        0.2328288450615684       -0.1883882197866879
       -0.2973393579030197        0.5939070017951087
        0.1435978410568758        0.1080392667144213
        0.2684955464818989      -0.03390839925759632
        0.2501253788384607       -0.3318185448830877
       -0.2523748622334109      0.001603196935103435
        0.1203199878946651       -0.2608395867679247
         0.317105744774863       -0.1372820808348257
       -0.2813428269796807        0.5524900064317586
        0.3538728530948539       -0.3813324221786454
       -0.3033583641029109        0.3916725505022055
        0.3889850297045615       -0.5520628049229364
       0.06760203165849669       -0.3662615467871137
        0.3019860464728003        -0.176328043796993
        0.1859432477482437        0.1806286771164938
        -0.132920993693713        0.1210726960753203
        -0.153070814553497       -0.1185924710305028
        -0.304898809147256        0.6161220869405649
        0.3090878830615518       -0.0338530301876977
       -0.3293003508938894       0.04271064319622967
        0.1213913204302983       -0.2173771280154508
          -0.4223500788336        0.5380659087887174
      0.007610668034298206       -0.3384858019679576
        0.3256944696992872       -0.3060980095184556
      0.009787872430118359       -0.3516984872166454
       -0.2821303563687027      -0.01621171321624615
      -0.04120681608666158        0.3430466055226569
        0.1065060178215553       -0.1280435733513467
      -0.05009913945607978       -0.1415828196497103
      -0.06254453327946048        0.3630259177403484
      -0.03311948465288406       -0.3140368672697512
       0.05668129388085839        0.2618858369821077
       0.06231012982766156       -0.1474469699000626
       -0.1819083966740448        0.4521057115287422
        0.3098143545989144       -0.4876925486609077
       -0.1037972516221951        0.2662760706706017
       -0.1044387958801257      -0.08821626981943455
        0.1177770321965364       -0.2193524000180788
       -0.2917950588539508        0.4993192988300588
        0.1506428008295835       -0.3048960374819208
      -0.01641034902281063      -0.05429849428072844
          0.19440692635993      -0.02940115269022481
        0.1584145758722471      -0.05086542875783927
       -0.3227998320887796        0.1356530165325266
      -0.06657576208123835        0.5024438368991619
        0.2268500043419269       -0.4089541919580044
       0.08808647417095944       -0.4553440678498177
        0.2389445639573898       -0.3158044962477473
        0.4068525001685964       -0.2286657537979137
        0.2192576172799292       -0.1456403575497278
       -0.1763509065924872       -0.1927730926546041
       0.03041478039321952         0.395667491425748
        -0.253833407729066         0.072224143920443
     -0.002695824660969144        0.1680520054422902
        0.2578964782820009       0.09766362852075203
       -0.1173488071947847      -0.08003624730064507
       -0.3262244156065393        0.3049429221600877
       -0.4081705171866404        0.5539080646822157
       -0.2366172025876061        0.1340560875677815
       -0.2143251879713595      -0.01157710310386462
          0.25839174989188       -0.4670694568268684
       -0.2457217760295072        0.5594591935600426
      -0.03442669682194625       -0.1100031405167588
        0.1282394584010302      -0.05593250168373068
        0.3304368543566364       -0.1242966241735442
       -0.3123375033938789        0.5105474823545829
       -0.3074746908044342       0.05043552032787624
      -0.08384283490601135       0.09558642825715696
       -0.1471806378047706        0.3552534569116478
        -0.244535941211761        0.5992782636344023
         0.142570023238766       -0.0431890604615562
      -0.02844067893946164       0.05667790432159379
        -0.076498063026647         0.231167576702327
        0.2944446119666365        -0.454552414079531
        0.1593693549591303      -0.07153604240448401
       0.08315426016213938      -0.02242645260985012
        0.1184021245299026        -0.402146432720009
        0.2741006725384376        -0.343506623370151
       0.03855313140994765       0.09175784468525429
        0.2377365057772592       -0.1752501501115859
      -0.07229058360182902       0.09852661184557059
        0.1082667139336849      -0.03600437017162263
        0.1132825359609687      -0.06386608905240403
       -0.1770495868380265      -0.08349822441647732
        -0.313788178296173        0.2217409634616092
       -0.1247118476629523        0.1472955927604862
       -0.0142754478173869         0.337691997325642
       0.08631585095125015      -0.06783307266054257
       0.04407595856644635       0.03273539770141116
       -0.1469823809366764        0.3730949438474908
        0.2338949548077318        0.1313478647061806
        0.2034286879511341       0.09132823062634431
        -0.353310388875384         0.241272940996288
        0.1471427551053442       0.09591707877566572
       -0.3106855965914829        0.5830725874120488
        0.1017060204752443      -0.07416921263352082
       -0.4125778886613837        0.3605443712056003
         0.325791682443188       -0.3097320827840915
        0.4111576395535391       -0.5557971940841835
       -0.1594946142332611       -0.2087845245488464
     -0.005751858108306402        0.3078386636891622
       -0.1759093650423864        0.4555449310482181
       -0.1310870615960763      -0.05467854305692046
        0.2484969804225673        -0.335873321045668
       -0.1249756963485535        0.3863906129039957
        0.1384158384672733       0.04557140574244418
       -0.1822522578546639        0.2510954170902942
       0.01225075167237351        0.2263065765449707
       -0.1624422104337696        0.4953981749999284
       0.03870687197258742      -0.07136680553689462
        -0.110011747483695        0.4616080895223326
        0.1976273129206382       0.03547502885565666
        0.3635271762011797       -0.1619878043690518
       0.05796496019235139        0.3412269585900326
       -0.1473617598001932        0.2045456433495568
      -0.02541991922769798        0.3698393654488808
        -0.376579921091635        0.5841194896302443
       0.01074329870541623      -0.09872839672202914
         0.323047599094382       -0.2782295961254991
        0.1067938004286963      -0.06662758127287415
        -0.177364849102478        0.3563400988884203
       0.08994483938888383       -0.2862610537879611
       0.04725748081234499        0.3048265758784601
      0.002840844339459485       -0.1487458471301753
        0.1373465781884626      0.008968597451791838
      -0.03494996783161623        0.2098319852262462
       -0.2741860713925517      -0.04724558328560951
       -0.1157722592735878       -0.1328655490651564
       -0.3899760898654136        0.4216110197781019
        0.2241822517103004       0.05010395731204813
       -0.2829770788405295       0.09805709203443491
       -0.2487788528834789        0.3910859775490518
        0.1720218208936914       -0.1376605245787043
        0.1357793004179233        0.2680493331794083
        0.2722947918011391       -0.4712993222013002
       -0.3059365736411971        0.3711517238078405
       0.03954506007378719        0.2600257446970118
         0.175751064744392       -0.5549836068339702
         0.168585016185209        0.1981004522761864
        0.3092651261675364       -0.5932377195783549
      -0.05203718319493418      -0.09173736455992222
       0.05397796613135156       -0.2387808933572752
       -0.2878536602387547      0.002429167953255429
       -0.1716667143364917        0.2828229566597976
       0.09151606647040415      -0.05086054517953544
        -0.201683584025322        0.3647774384400341
       -0.3170301177700716         0.215862241002314
       0.05188217706662143       -0.1590483076819419
      -0.06104125595326654       -0.2340772404634181
        0.2502410254161573        0.1104150738408039
      -0.02391443356376746       0.01579301228820046
        0.3257146511161686       -0.2873334842133769
        0.1936078129977597       -0.1335632792854532
      -0.09269182486319949       0.09082860439037896
       -0.1658705333860246        0.4844333735742455
       -0.3819555238604657        0.3269677441709986
       -0.2165281492594381       0.01069349532210028
        0.0436964729584173       -0.1439960652240661
        0.2207153712370402      -0.01854179516239056
        0.0235072070521711       -0.3006359486733108
       -0.1056655926756697        0.2141568170522004
       0.03766855305649854       -0.4497713695112291
       -0.1721567931246707       -0.1981021157311814
        0.2234029835931211       0.02393671465086329
       -0.3844170974681687        0.2120326547475603
        0.2160767860772492       -0.2165249174436487
        0.2576258513724745       -0.4804075043634014
       -0.2407634835479202        0.5632944556994212
        0.2035868423795154       -0.4671079774276663
        -0.228968053070367        0.1298262662736475
       -0.3499686015176934        0.4727537694607112
        0.2704655026393292      0.005534590200891543
       -0.2177692343888973      -0.07054870538913835
       -0.1975251964894746       0.07254839534341252
       0.09791288462059967       -0.1467093937261125
       -0.2008768770335284        0.1211240187790469
        0.2454487503974089       -0.1050771686441793
        0.1911020882948339        -0.363771419279882
        0.3615955569324992       -0.1880389290032068
       -0.1155307936419052       -0.1684394881002395
        0.1905271882763281      -0.01745641456174924
        0.2494431304735892       0.05578448360623797
         0.206161375262727       -0.3595981284002956
       -0.1793094474453403        0.5679164127949344
        0.3535313306963713       -0.5673343206896102
       -0.3145165774254809        0.2510974456305048
        0.2434792883357737       -0.3006071674316291
       -0.2624165440750176        0.2719304206433167
       0.04351430428247965       -0.1978504918610419
       0.06144777859007858        0.3375738911129147
       -0.0369211978540625      0.002742918412332125
        0.1236876705528848       -0.1907325557400845
      -0.07695107623602081        0.4268181672640802
      -0.02541092244869811       -0.4095852207429695
       -0.2757106099726201        0.3703941238974574
        0.1603249967385007       0.02493144432593502
       -0.2064163478408568        0.3202409517740388
       -0.3471016965544801        0.5576422662541293
        0.1931342007970883       -0.5296430123088431
      -0.04025346296038886        0.4048408360783879
      -0.09157647893861846       -0.2956160916612601
        0.2987396602862921       -0.6107174062460268
       0.04844955481354075        0.1523467334465665
       -0.3524793736830845        0.3984155140738762
       -0.3071136357854085        0.5383884556716402
      0.007508411004945939       0.06732213228907272
        0.1362550748920452       -0.1605865346742188
        0.3770063959519178        -0.179627190913577
        0.3181377548387733      -0.07585191496340704
       -0.2698180608990683      0.006072948431623215
      -0.01699491957349534        0.1513536410633482
       -0.1487325525947951       0.03459142883797551
       -0.1373436501556405        0.2207709195356872
       0.09702342661960323       0.07019336104411482
       -0.2084044214810336         0.426692746842842
       0.05307190004146816      -0.09874275058958679
       -0.4191956874914139        0.5130802405477963
      -0.09994976119926079        0.4580037069611044
      -0.09158859848144278        0.2810146255627695
       -0.3840983019496043        0.2666893931190766
      -0.01223917711374969        0.4352966095720286
       -0.1360837445373206       0.04321486090276958
      -0.02107218312321024       -0.2124172978163492
        0.3538170658249897       -0.4189732125648016
       -0.2301905769948889         0.107370971830564
      -0.01751334064565549        0.3402969170195568
       -0.1708800290514072       0.04434627151777568
       -0.1138696896071421        0.5252198154787988
       -0.3541481300586705        0.1955176026352307
       -0.2788862789364362        0.4106701608838613
       -0.1545595716728076       -0.2155283903758927
         0.209052440991454       -0.6016042550155889
        0.1343190774431362        0.1498685539753584
       -0.3905826786816465        0.2566599150340819
       -0.2096519871088623        0.2275700591161249
       -0.1079220643198206       -0.1637128782275008
        0.2537522510708402       -0.5983350886629423
        0.3355781874319826       -0.3538140300251451
       -0.2440183479868954        0.1925512948725804
       -0.1544624232657253        0.4605675924051038
        0.3143365179670151       -0.4472679797107524
        0.1756021643671928       0.03531481443194199
        -0.064598086093727      -0.02613631346247684
         0.338438625919472       -0.4487954463418224
       -0.1842878936262007        0.2665537662505578
        0.4164461962816085       -0.4374678426142644
       -0.1340583088051766        0.5218490887171848
       0.04552082223514484       -0.1546552490976531
      -0.03875846536135951        0.4169362229052535
       0.04410207340107181       -0.2508413906690467
        0.3024689921180678      0.008319128334065519
       0.08147035394713695       -0.3462867428582596
        0.2196491322975727        -0.203900496637654
        0.3754000349079863       -0.5681571170969076
       0.01497772191062203        0.3992762029211053
       0.08014493087658447        0.2664221831425193
        0.1079257901927362      -0.07272768017594858
      -0.09343733357624984       -0.1435189580434411
       -0.3273338231625211        0.4005624443862287
       -0.1248866069928104       0.07357359749663991
       -0.2699244833525708        0.1842500373484997
        0.2652617420561966      -0.06171156814838799
       -0.1315401938953542      -0.07435278442625494
       -0.2039572642096007        0.3430475635094523
        0.3113768929744017      -0.05840569191688452
        0.2835638896750351       -0.3672161995313987
       -0.1865981874866353        0.4646513431114913
        0.2357812643508224       -0.3287301249869703
        0.1842764464801504       0.03757140655001059
       -0.2343061942818914        0.4046950913017203
       -0.1552926733602238       -0.1999818270816477
      -0.05959304563147831      -0.07180705290883517
        0.3223226327287671       -0.1749895313516995
       -0.2302549816858172        0.4451776731239407
       -0.0522684909422169        0.2291322345704924
        0.1953761791539713      -0.05411674166621423
       0.03023305241264721       -0.2687505741246066
       -0.1713008464282147        0.2877543763689738
       -0.2216363812834679        0.5341235958665443
        0.2800005406155431       -0.3572824492882631
        0.1769614696034715      -0.06318558164652487
     -0.004270707539230232      -0.05420483279486556
        0.2385895987789954       -0.5205223816752724
        0.1731341747586191        0.1300482632256556
       -0.1198968464858189        0.3845366638343808
         0.032156012809135      -0.03600636125587243
       0.07610862100247515       -0.4188008196137047
       0.03030398413808613       -0.3903317607664715
       -0.3667120374169269        0.5902558628402407
       -0.2021385466645718        0.3208085804783964
       -0.2026867547812506         0.546974624134447
        0.1819126827511427      -0.07222170617444101
        0.1004747972726894         0.111445798653121
       -0.1622126944816278        0.4665071701755077
        -0.231538005236784        0.5334095644423537
        -0.198501018860627        0.3450322026540279
       -0.0625576189175639        0.1229712663840996
        0.1303792567916421       0.09788095896287997
     -0.008489289499221489        0.1268426412537177
        0.2129159475859566       -0.3203984911265622
       -0.2397088347069572        0.2767396502517868
         0.314954948841576       -0.5823553527750438
      -0.01094528553134913        0.2076826722454231
       0.03881420613795141       -0.3300568784135562
         -0.17266653817531        0.3618590993001959
       -0.1693744104089381        0.5056184125140474
       -0.3222927232012298        0.5968484393596009
       -0.2182145459096511        0.1128753456704673
       -0.2187489915808808        0.5655363881780312
      -0.08031460867489325       -0.2770368481929394
       -0.2065450396116663       -0.1627315021604386
      -0.07257823870373954       -0.2203968528771114
        0.1779036435907659       -0.4472321772261142
       -0.2512559466347515        0.2137813859460728
        0.1707083057847968       0.03495225313117647
        0.1619470682445122       -0.4562739860834696
       0.09262138892400694      -0.09230068872631482
        0.2261451828804435       -0.1407781526492364
        0.3086515078328555       -0.6276090316383728
       -0.1915477596796327        0.2174176840444229
         0.105619039331344        0.1882113649493306
       0.06503078715557734        0.3490862355662113
       0.04817415295576108      -0.04225128752654312
       -0.2505055853114896        0.2786206221993954
         0.323558206694242       -0.2252807403197811
       -0.2076304682380922         0.219446664549633
       -0.3949846527848555        0.4898423005142055
      0.009902434101003131       -0.1682181771509933
        0.2977070279003998      -0.08860831302562917
        -0.391299637262363        0.2248846228439801
       -0.3429930860931206        0.4138149900149798
        0.1249033893973302        0.0269358850576729
       0.05738554132734437        0.1401355387208434
       -0.1442782755572255      -0.03375304390596057
       0.02809600060108888        -0.145553748969187
       -0.3984996401673506        0.5816396438015108
       -0.1874190863058229        0.3623801960630735
       -0.2556608273110276         0.372989894996462
        0.1713481236077734       -0.3397264906328038
       -0.1351239683519083       -0.2456237158977674
        0.1144499315345118        0.2820527348156756
        0.2506403193308415     -0.001314188951486589
       -0.1613924340947631        0.4188222882980796
       -0.2111247029204323        0.1103752570093781
      -0.07330653880446439        0.4072323570004023
      -0.05088039465833036         0.281541003386909
        0.2079359898641746       -0.3440602680940369
        0.2938815478651519       -0.2513269048548258
        0.3609297530705489       -0.3145464992345917
        -0.192991251319604         0.267542460162124
        0.1991782799840329        -0.329040927549504
       -0.1861343583488781        0.4807856201730933
        0.1891180512191795       -0.4943901832708351
       -0.3408445006274903       0.05759812039196052
       -0.3716265839326876         0.422168839109917
       -0.3977192037104046        0.4181795952373867
       0.05811613567296458        0.2504050101913995
        0.3164822624731728       -0.3835083875695314
       0.03565700488851221       0.07736568982617806
       -0.3371362858347693        0.6267179165714616
       -0.1009208982745361      -0.08742181295585284
        0.1671436982150537       0.04318560790173277
        0.1018314725709691       -0.1499930278870255
       -0.2810109069681134        0.4122591939532278
        0.2194529047475296       -0.2760826291872591
        0.2230063130619072       -0.6064885549265078
       -0.3837321026617783        0.2777961506427684
      -0.01498040184203875        0.3254854698355586
        0.2402612640165433        -0.551681807975949
      -0.04915235992899306        0.1800935429105779
       -0.2309720520516307     -0.004602648829714912
        0.1216152132251494         0.194655832952271
        0.3496584163885641       -0.6268025743037472
       0.02795373300927809        0.2553044418646296
        0.1546183351948682        0.1796659105764165
      -0.06489941245922934        0.1304505436485515
       -0.3348132701860333        0.4052559041459264
        0.1483139528917421       -0.1517894581244147
        0.3220267608332458       -0.2221071303170185
      -0.06794932118315809       -0.3204729120384902
       -0.2976164353652353        0.4275042974874952
       -0.3194640031361116       0.05259212985132755
       -0.2664635989376614      -0.02782701202535343
      -0.02714709741176131       0.09261283930071686
         0.242196502205292        0.1010578590665682
       -0.1179895939159748        0.2904908908222161
        0.2670376803081541        -0.104343427320505
         0.438891192687167       -0.4273732103881733
        0.1087825683518007        0.2211498941354484
       -0.3975873072549166         0.553620643415271
     -0.003862336772593723      -0.07554795577155736
       -0.1033954616312307        0.3142050287310241
       -0.3525589441734928        0.1403080334433003
        0.2878033629833586       0.02664148500576249
       -0.1309591395454746       -0.1802488391444536
        0.0373792029531536       -0.1092407979016281
      -0.05169320552356931        0.1222416363234071
      -0.06952829514020066        0.2266151081756597
       -0.3107586199402552        0.1877397342792756
       -0.1274406764844695        -0.224908454046107
        0.3060965981152833       -0.1594916771631995
        0.3121246682807551       -0.4880851318624317
         0.045171141492085        0.1372348625455047
         0.404387070822523        -0.307490813135926
        0.1054528758652903       -0.1666584181239191
        0.3919257038342657       -0.3246076975644367
        0.3895901819603146       -0.4244947910717942
       -0.3632814889292952        0.3685269945718596
        0.3666589645983969       -0.3923480010128386
       0.08079950187578376      -0.05171429958460851
        -0.137335113066013       -0.2241156551114675
       0.04622491373816826       0.08861230405914829
       -0.4324312828269671        0.4244031791718404
        0.1096431384627633       -0.2220072551389551
       0.07471181429629878       -0.3392260640494761
        0.3429991717247496       -0.5844883095740436
        0.2851858505295652        0.0282738846787477
       0.04430262222660186       -0.2858234611080218
       -0.2536410052279983        0.5222660736080925
        0.1914594770916643       -0.4252592859063771
       0.08693538323713551       0.07178829319996792
        0.2555728200181485       -0.4227243796873499
     0.0009375448524000428        0.3644505241814917
        0.1254855315531724      -0.01712322455546403
      -0.04235472420286934        0.4599960776917718
        0.2925265208997862       -0.4662070027835341
         0.159618514910991       -0.4320993422304739
       -0.1319275737377222        0.3693154117311325
          0.30650249256493       -0.2508208186943378
      -0.09696896191556323      -0.06044354885788788
      -0.04348316193417561        0.3637316205357676
        0.3874778113828474       -0.3909588403403252
       -0.1143295950999411        0.1947137689424791
        0.2983086707920127       -0.1108355265937329
        0.1918183657480687       -0.3367133876574075
        0.1977919760243341       -0.1777281097378858
        0.3112369447455116       -0.6160156006434955
        0.1665526321209457       0.06772999496048014
        0.2907576010781756      -0.05128960415737727
       0.06637825612078187        0.1752233722014921
       -0.1654183924203911         0.328519993723472
       -0.3988229015392878        0.4963358993777826
        0.1208573749770166        0.1987855296672151
       -0.1612995935118149         0.096846424444754
        0.3311933278944837      -0.05775416680357232
       0.07992819931687169       -0.3686500252272832
        0.3978731691864954       -0.2304989005064648
       0.09320617409752407       -0.2005945719458277
        0.3928970184433438       -0.4867111734847948
       -0.3466853087132103        0.2940110318731441
       -0.2644436623485145        0.6104940406060049
      -0.01322885867940873       0.05373031949094882
        0.3659457545462871       -0.3836225466750592
        0.2725895723238277       -0.0561927512190698
       -0.1884612849211511        0.5692364122262917
        0.1071593438346068        0.2377026658235722
       -0.2602514277668041        0.4211020446557359
        0.1473917998076203       -0.1606890516207657
       -0.3551421886660414         0.186074429868114
        0.0779112497383269        0.2182673446220865
       -0.2222149106901206         0.188228047470994
        0.1324037210776337      -0.02933372699857432
       -0.1505709340784699       0.01241489774049808
          0.12840088415251      0.006146622854982953
      -0.07151198659889819        0.2303447683912067
       -0.1308298031769806        0.3030607084655921
        0.1514407812423087       -0.3745180936644987
       -0.2341888533166633        0.4288201939062009
        0.1755018393842511       -0.3312450075342886
        0.3237593824543111       -0.3870297504561109
       -0.1046623099009625       -0.1812823822114975
      -0.01626626828405579        0.4580438187342551
        0.1914807628734597       0.03488118514244669
       0.05776731763025535       -0.2188396972162412
       0.06203741976171123       -0.4981900738894921
        0.3417789158837697       -0.2380974220987595
      -0.05179021745995264        0.1209949556503723
        0.2415656650879573       -0.6027268210127004
       -0.1523156163590778      -0.03307257832931995
       -0.2757685481667472      0.009010103264659964
        0.2045552452416112       -0.2951772025132745
        0.1119861501000353       -0.3004405342355088
        0.3094679863674911      -0.01285738425501071
      -0.05448997403864458        0.2805348024264931
       -0.2198255471752764        0.4282723830555357
        0.3389170628337785       -0.3121532788039074
       -0.2520554999704305       -0.1102057309168338
        0.2799848140765963       -0.6097679094855394
        0.1734089794554265       -0.2306332981554421
        0.1555329462953951        0.1199011958902537
      -0.08218721927334346        0.2258984492083886
        0.0272418466019445        0.1104616234686826
       -0.2808862200322803        0.2157934736067187
      -0.04508314560004171       0.06596467801763754
       0.09884661519753386       -0.1209214620347567
        0.2535046863333268       -0.1086483431721505
       -0.2324904648464051      -0.08017701181606307
       0.02739665016146026       0.02717748253608475
       -0.2833050769460185        0.5959337081222819
        0.1980866613891429       -0.2574274718224545
        0.1645555451205472       0.07788523006141809
      -0.03590343838180939       0.09559492023543507
        0.3182935419689027       -0.1600928683636688
       0.07385639429075891       -0.4785859796451432
         0.119895284539655        0.2727767140889924
      -0.02824150535096304        0.2817283615642175
       -0.2560633763687967        0.2701449293823567
       -0.2452094318016333        0.4358635921588432
        0.1066355952190648      -0.05859261043740775
        0.2171347202932929       0.09750397501150189
        0.1948424113504443       -0.5574833462491784
       -0.2010484215107581        0.5451978208203709
        0.4113270390311669       -0.4416642451378833
      -0.09489584728738734        0.2546672366650998
       0.08345988867768196        0.2615388673315108
        0.2257892960732847        -0.308330434329036
        0.3339332265577327       -0.6157105575976708
        0.3130409919512694       -0.1867419449318905
       0.02095103191732256       -0.2056449522444166
        0.1625142907720114       -0.1213002584856393
       -0.1712825357232288      -0.07322306146550746
       -0.2939337859714068        0.6241768775276437
        0.3446197148436013       -0.4784893349206066
       0.08738855419636789       -0.2753382890481131
      -0.02102655855360978       -0.2882974372887901
     -0.002574099739197217        0.3029790318353999
        0.4035275283888207       -0.4236026273115576
        0.2504422802655877       0.09104751539462852
       0.07880184289142581       -0.4180143155264672
        0.2463839097399067       -0.3024461687965774
      -0.07619580043509026      -0.09591377296003703
        0.3920038133311823        -0.598857230866968
      0.004447473134572507       -0.3392652370213952
       -0.1541294205535526        0.4955909661560537
      -0.03864147199758881       -0.1986845263759695
        0.2923170040196751       -0.5714065119092669
        0.1470905412106305        0.1602689747297941
      -0.02048243983800201        0.1204620361588624
        -0.039637905398805         0.411351391188515
       0.05987375085360502      -0.06790700695075377
        0.2766673005352458       -0.5500750537589517
       -0.2002714209754071        0.3448954074569799
       -0.2178909099881894        0.1601457106980604
       -0.1411795860300519        0.5621991348783282
       -0.3717357757363748        0.1646375859775475
     -0.006513609161079728         0.288095973380624
       -0.2869565391717946        0.1450821806728977
         0.231255147280901       -0.1792679664039686
       -0.3033597059768318        0.0306783388734155
      -0.09400110239311252        0.4810788056888829
       -0.1004507797331905        0.4396722157033543
       -0.3122886342222511        0.3767833877328713
      -0.05973160355824202        0.4609853589935002
        0.3573263395054818       -0.5174674848769113
       -0.2299258173189065        0.4189913864469259
        0.2101728343546306      -0.07943478619624801
        0.2994343195138284       -0.3143720417169663
        0.0384864860854232        0.1448954676622236
       -0.1298384976904481        -0.287350745525879
        0.3293279429819501      -0.09964420643445578
      -0.05458515963779413         0.410457317643131
       -0.3407390962972696         0.229742965167081
        0.3321388261348112       -0.3488196497774979
       -0.1441984104858726       -0.1271589440046118
       -0.1176005130746327       -0.1277338129678297
        0.1429492743663785      0.005508285131332108
      -0.04417888229415301        0.2470036301563412
        0.3596688838535176       -0.4827646499055823
       0.03955744064610747        0.2248965348598513
        0.1742918010429818       -0.1811126754717369
       -0.2739387422945132       0.01053439327361054
      -0.01612777444407812       0.08724816409620724
       -0.2216713664293871        0.2062354341585095
        0.0861403529771616      -0.05407334895631381
       -0.2643816093376962        0.0109364162487152
        -0.275399175680758         0.101689649941043
       -0.2223588828320273        0.5408799744402697
        0.2849806567448279       -0.2023773931034814
         -0.24044904257707        0.4467451888659047
       0.08817540114709388        0.2728067570577107
        0.0185329439572808         0.366092447268457
         0.165286132477631       -0.2623702282096914
        0.1686731507449805        0.2406531883421834
        0.3556951706399347       -0.5208886959036146
       -0.1444756895977067        0.5114516460653243
        -0.205091696189472        0.3557762021792071
        0.1079611145078136       -0.2974626701556278
       -0.3003042149270602        0.1110269183328835
       -0.3432501962581341        0.4129218752689179
        0.1598252440715159      -0.06986157177164584
     -0.004290746494568898       0.05844843246517225
       0.02495216826468869       -0.2144795202202635
        0.3547247572609146       -0.3682777434457654
       -0.1741073668606761       0.04598750500376293
        0.1025692351704098       -0.0704706863874527
       0.08170929252804407       -0.1125267428457314
        0.1482401467893366      -0.07692966117012333
       -0.2677340304453511        0.5281052129833902
         0.350351409457285       -0.4622725754526988
       -0.1189848763074366      -0.09363347068749341
        0.1130355707922588        0.2051906191801903
       0.06169462304573396       -0.1454637457469941
       -0.2020919257541617       -0.1763139014720809
        0.1101499750560537       -0.4728463419042442
       0.02613052828203439       -0.1161103353122979
       -0.3688681298937427        0.3929792318121547
        0.3570548171983725       -0.1314930206558668
        0.1365160312590472       -0.2948634613597315
        0.2637389290932715       -0.3555845056588286
       -0.2100460524387388        0.1004901802638499
       0.04869187395223395        0.1960982986770711
       0.05251440180150668       0.04209264634304473
       -0.2368199774774816       -0.1171854960644704
        0.3421377589270431       -0.2481886807195167
        0.1022494777805121        0.2055152803047862
       -0.2582067242859928        0.5265950607052058
       0.03361873872655124       -0.3441626124799914
        0.3359225899469246       -0.2949328412204196
      -0.08644262536617003         0.496049937348135
       -0.3511494429413545        0.4753810175532872
       -0.2248088837312848      -0.09465910393967703
       -0.2016841113212432       -0.1965288489918702
        0.2346563211896167       -0.2945513538431528
        0.2906940094451186       -0.5360285075039889
      -0.01240632345308107       0.04850527533167154
       -0.1221766953723607       0.07373031236367039
       -0.2921094175811414        0.3778642445938825
        0.1842065556651826       -0.4533416648316737
        0.1074014568764497       -0.4113764158002683
       -0.2204915752335478       -0.0350144331778864
       -0.1018538067076363       -0.3043629957689134
       -0.0217406679348545       -0.3546840716837363
       0.06423958950382691       -0.2461270951324767
        0.3631796858605361       -0.5138635201476834
      -0.08913873422273196       -0.1837195681163642
        0.3692749234483326       -0.3359273621656045
       -0.3495104222022307        0.0836074896851189
        0.1686548365507517       -0.2594970696942303
        -0.387646855838342        0.3041478967671364
        0.2250339074703754       -0.2183461344932555
        0.3732941188289159        -0.311340042223857
       -0.2218216185804103        0.1496886360518458
       -0.3763322799714982        0.4240773041264024
         0.334833740809117       -0.5909984985115724
      -0.05688261978303469       -0.3790635680680338
       -0.1654958759428146       0.01522864684759651
       -0.1628151531400346        0.4064375368553478
       -0.1002348460440139        0.3500070403441514
       -0.3336361741905353        0.2271609361059644
      -0.01606921233936812      -0.04896023175545248
       -0.1361762953523036        0.3505500044686513
       -0.1720833169014053        0.1024226453550801
      0.002720589635682317        -0.179661346273443
        -0.132420669944592       -0.2869861185171201
       -0.3207043687319009        0.0622298097341361
       -0.1067804685881463        0.3374268706212258
        0.1632751232291978       0.08298443673585543
        0.1180301341663939      -0.03263805587076217
       -0.2000772383787079       0.09362091008411882
      -0.04394795989884007        0.1941116093169393
        0.4310176516086755       -0.4424368490044417
       -0.2771997562518657        0.1135939332619416
        -0.187969669118054      -0.01972411191842298
        0.2632381542593588       -0.5569312652631706
       -0.1557246415666103      -0.05265696043023963
        0.2297464913675135       -0.5115436652906872
       0.08422978976835847       -0.4793724981505639
        0.3467837595548142       -0.4906752625277283
        -0.190657184259493       0.05329902973718816
       0.08130153050884338       -0.4447572062367293
       -0.1483989273817566        0.1149020880153774
       0.06652467241214687        0.1777558207107105
        -0.224020171569839       0.02497208553946657
        0.3413223859939657       -0.5430765652585705
       -0.2060459546666542      -0.03037364473984647
          0.12272807404932       -0.5355908369967785
        0.4036468083959524       -0.3886955727581318
        0.2951805662596441       -0.2578321137337877
       -0.2387483201055615        0.3138253361849418
        0.3765581318136936        -0.238177242728436
        -0.303351851013882        0.3957381035532226
       -0.2059047225693691        0.3874477389983268
       -0.1620873665161674       0.09220332568566417
       -0.2658289721081979        0.2845355430142955
       -0.2217726361061876        0.5807302454212262
     -0.002246952899519409       -0.1864361080697978
      0.002779665221811144       -0.1308431026009221
        0.3177713399007165       -0.6043349830134963
        0.2202691099441106     -0.004108374891889466
       -0.1592257019783949        0.5457110414069253
       -0.2931075353877594        0.5313351874858054
      -0.08170687929904362        0.3286259011125257
        0.1670957589147684       -0.4742927131010071
        0.1257595150400089       -0.4246007778279974
       -0.2476618393858098        0.1348763908234632
       -0.1263260512550035       -0.2382252466243043
       -0.2690571289218126        0.3829178925388611
        0.3012093408218369       -0.3796299554567785
       -0.1691000943054495        0.1141892008910628
        0.1885293549207002       0.01113714360113885
       -0.1467521018338813       -0.1832195487326196
        0.3503044299500213       -0.2661199159847915
        0.2231029689670688       -0.3284936799172168
      -0.07802511879739524       -0.3538879890105343
        -0.353048356586591        0.1968094329202402
       -0.3530695628221853        0.5177679635545638
        0.0132457067096699        0.2392208407432297
       0.02155233913103766        0.3791775304481338
       -0.4300708077953693         0.445247434443347
      -0.03463959193594307       -0.1366061599866681
       -0.3028667698885103        0.3065832591498679
       -0.1106583767610556        0.3162608198243875
        0.2124808512190011        -0.101906891682886
       -0.1059014910489895        0.3947716724553776
      -0.08407790722918851      -0.04203303210779032
       0.01540670514769935        0.4021253742371464
      -0.08903214966862014       0.01954170392910537
        0.2211910831810417      -0.09127559714600399
       0.03485696179592284      -0.03934828723858354
       -0.2082559127715801       -0.1563575136959864
       0.05663879075589411        0.1820413272797732
       0.01730236744306061       -0.1078571444278691
        0.1406462884144014       -0.3826252911467886
       -0.2637928177453141       0.07490293533268028
        0.2077657230142549      -0.08782006324231691
     -0.003709965354269931      -0.05823552317740157
       -0.1495951629968043        0.2150419810825547
        0.1077375371716529       -0.3777929881261726
       -0.3036401360008406       0.03275295116475119
        0.0489705082089592       -0.1792053756656296
      -0.06843473861103248       0.02395229351581963
      -0.09704223263480548        0.0627841889705527
       -0.2609153680486628        0.5264982403768785
        0.1325919837111583       -0.4567534952461011
        0.0943145666890243        0.3244138239507389
       -0.1542816448974318        0.5323893552877625
     -0.003212050670768926       0.03854936389022147
        -0.407892498445477        0.5035864267295895
       -0.3064918899606189      -0.01740563210035044
       -0.2420218774058752       0.04791064056881972
        0.1647048831694559        0.2337009873302013
        0.4304882890673608       -0.4953191156328065
         0.393784313507826       -0.3468971019597346
      -0.04346615070212259      -0.02517473373250731
