          11.9770554035962         5.370172656601365
         9.491842488855767         2.396712409496188
         8.545466754292269         2.659740761194824
         7.262973986674643         5.803794273814475
         7.370363374393611         4.697233761843058
         9.407837688985699         6.528040918528461
         12.38502436539839          4.10451402788328
         12.15458113167914         7.045084703934009
          8.56181798660419         7.474902241888596
         7.681984278654996         4.109771959423377
         11.93732390011552         3.602793621561076
         11.15239899870088         5.369974849274371
         12.16729474374166         4.722762650071703
         12.47186217031051         5.587501262864492
         8.133728146089807         6.568952336931156
         9.381930855154959         3.111884702456113
         10.70322896227401         4.169172224552971
          8.27757998608647         6.286827288475306
         7.706241207488899         3.795974892374312
         11.95001772809258         6.947960443043658
         7.371170624312525         6.264683149653145
         7.529700003783059          6.66796405154226
         11.47181841170644         3.852049517278612
         12.39623854438986         6.581220347463117
         11.57038387658648         4.441817843432085
          12.6324967290247         5.372529714829401
         7.106920129663683         5.006619352226056
         7.251455530628074         4.213103489001393
         8.630341609681741         7.151435367095983
         9.123443555963572         2.715846963522352
         8.239916555164086         3.277543742737141
         10.67768531630785         6.857114448354832
         10.52253780845704         3.292949862380693
         11.60833817910681         6.339780336175044
         9.688113943852208         7.131056708539572
         10.11835432647023         2.181167751625474
         9.886401729918651         3.753877303355871
         12.41583905778915         6.007049066737683
         9.473668214955026         2.941690943592669
         11.44473948885729         4.736593167496095
         10.92136853443313         4.440961696284017
         10.24323161080275         6.993685638731175
         7.874534584942927         6.302769911389349
         11.65390453772916         4.173569742556283
         8.615711578835064         7.264506914032509
         11.56770881453992         7.482050024373755
          7.81476451303922         3.747171372896583
         7.709265822837533         6.630685059402967
         8.923797493663489         7.264477708687879
         11.07685458735317         7.695053261262131
          10.3795577534458         6.227165161514655
         7.276871075968019          5.37217403994404
         7.129092331097675         5.654808872957027
         11.37273103086141          6.49043956677496
         9.817802770295364         2.811162853948406
         8.214087030420297         7.160721350729341
         9.922763853609309          2.89209020454016
          12.3600684975984         4.671243891291529
         10.59608330632954         3.372132670700828
         8.551051761664095         6.526959664194758
         11.61108013712261         4.423868710244593
         10.96141523100081         5.505790944727322
         8.828411142165379         6.106067995373453
         11.68480188406713         7.465269672146887
         7.787384621192762         5.573329085096846
         9.941936392620418         7.124953381039212
         10.22821749600688         6.651458251347857
         10.05883452981343         3.831945287820085
         8.170175320951982         7.136620277797042
         11.15688293133196         2.731430583935473
         12.15382485211343         6.334294042476913
         7.479975754593298         4.952507875216114
          9.79986137639847         7.270155612692593
         10.50538719962725          3.04266724499151
         11.10838749708733         3.668667191397174
         11.07625192292696         3.566072249500338
         11.97629874125692         4.652948719613359
         9.109132895185638         2.196571256115236
           10.773101702959         2.520324979192272
         10.10192574595581         2.066015031215983
         12.51462970529195         4.381461734004093
         12.22736551921574         6.332286096104051
         9.732421064014869         7.800825321647935
         11.12911432872576         4.024526556858345
         12.45003483390075         4.735458204720814
         9.846049169322214         3.548391323244607
         8.812971145663161         4.606046768981331
         12.82804858086976         4.012503848310737
         9.152180343823611         5.695040552539842
         9.633216459459966         2.469036479674219
         10.59039347767057         3.743182394441956
         7.205096794377011         5.061823276204408
         11.06380588356553         4.385488690862006
         7.908429433966733          5.97349748458857
         9.572227005046166         3.419276092787458
         10.77329273770823         5.731046009486596
         8.690284751122205         6.615813610187077
         10.97935050890235         6.944006651818559
         7.909327990750899         3.075541357022535
         11.62358843167289         4.650775227858825
          8.57925697481271         6.571977078008338
         12.21875414188355         5.600867266390797
         10.77614942442072         5.743379588853127
         9.212658200395222          2.14637600543433
         7.141523464641292         4.584870351614368
         10.91600187563901         4.243527338835046
         7.330341633545652          4.05183529472875
         10.19580032622141         7.816085638085758
         11.95132446679756         4.910317858951363
         8.712257977350692         3.919826852019042
         12.56471442102172         6.155279048571485
         10.77497302710408         3.971669887075282
         11.28048733146641         4.150583753318902
         7.861143938621288         3.246177171871494
         11.49972874950137          4.94109686119841
         11.77557886495918         3.153987605601167
         10.06968836240551         6.252309672427501
         9.568668261299608         3.607469941221763
         10.60648036990206         4.115580143349138
          11.2240312042391         3.292453393873735
         9.264191982339852         4.274649194449563
           11.029013131546         7.623705467668473
         12.61780009278143         4.366164361172332
         7.124420322529188         5.132360858273365
         8.588947779223712         7.445326822264157
         11.12218774745936         7.609475206105794
         8.159710464546574         5.253778662944655
          8.23167562442462          2.77222079722429
         7.714939633679529         5.990423885890326
         12.05425369855079         6.841916026684021
          7.08266477383361         5.346853894632066
         7.573410050248919         3.302715042212535
          7.73171562172881         5.944455045041319
         10.11936006544427         7.084622688828158
         8.639968379146453         6.948549769067957
         11.27597311501916          6.28014792026718
         9.446099727493163         7.598122147360609
         8.638935656032132          7.59157238572731
         12.55709187915883         4.043217952275468
         9.364125706300205          3.86074788479592
         12.25806886361076         6.363395370481903
         10.58599556012988         7.827382283828607
         10.80402534332724         6.253948675362276
         9.979203708768589         3.476735916598394
         9.996588991329499            7.671179933021
         12.52113931481508         5.788468994833078
         7.798399520436254         4.700740680282284
         8.348615900238858         6.187436510675017
         11.24543862965154         3.087052319647666
         7.088337282686645         4.684710192671226
          8.92421060693734         2.207672502931269
         11.92858634999483         6.750788735324642
         11.50627881567715         7.028059083250403
         9.589016650009686         3.602839009566769
         11.91523521037683         4.358185163741408
         11.01804909369097         3.351121228746123
         11.29449273450658         5.539392661833292
         9.572470571976561           7.5129054919295
         10.40260774968979         3.628452054897259
         10.39368810272263         3.715945469923986
         11.18314777580508         6.164671666777036
         12.63670721603453         4.138184892896476
         9.473496807829065         6.060851377249015
         7.729101026731755         4.000956927320986
         11.35863628232133         3.600000841272359
         12.21414068370271         6.062475616858331
         11.02769614177343         3.489058359209573
         7.603844556275474         4.815457857445029
         11.15274606537168         5.203124385718274
          9.91155360852439         6.481501052143754
         9.588187355685424         7.664889300718323
         8.794482198353425         5.862309317767854
         12.83270715045349         4.309082846179297
         10.11365865020115         7.260936692666538
         11.56299831347808         6.312658674001602
         7.562164620728437         6.300781081343661
         8.227637958288417         6.911166042254524
         12.96767652839945         4.739418103559359
         10.40006895224315         2.958883366943426
         10.45136445903226         7.082466016759327
         12.00634818265161         5.693910266866531
          8.54985850275223         4.471857131548069
          7.50281212127107         4.763322648801883
         10.16376086455078         3.328853311565808
         9.037608665324113         6.088839909818654
         10.13236794936345         3.708127730299954
         12.43960762621044         3.485378544459588
         11.75719804978834           6.2276270127615
         8.727207232979788         3.171966223530061
         12.23631990917156         6.828718091492245
          9.06989565018344          2.73619446933863
         8.220446827394005         6.049829093548825
         7.631396760493436         5.885354173111233
          10.1475909272166         7.560716521428147
         9.962580575899576         6.091741772195291
         10.90396891602382         6.005575075536747
         8.700298099549284         6.910160632968683
         8.069762660632144         5.501038193285551
         11.21045245404038         3.074398791861074
         7.136506353561316         4.262284426021318
         7.214350147261309         4.582925210841997
         8.224020912817341         6.119482806721946
         9.147536230228891         5.641423361948065
         8.402447491531948          4.93499142145845
         9.400823055826445         2.633101404905942
          9.53531281568479         7.002495463208968
         11.94125459081547         3.665912219079712
         9.986667550470735         2.921523411207397
          9.54582109593658         3.615161664519495
         9.022097011931653          3.38448132911117
         7.977699599632469         6.197171890047103
         9.137969654004845         6.855976755873083
         8.819679006754146         3.345068131197523
         11.56008222980573          5.30204039017099
         10.39284053305548         7.470842073136335
         11.44272805561271          6.93043462390618
         7.290006672151915         4.142139114392604
         9.932097496744122         3.762630379555202
         10.64484323432282         6.880242496881191
         8.541991318281369         4.248087722804983
          8.61035917765825         7.306700330555982
         12.71246036191701         5.321307806738105
         8.343528604689629         4.685260210363603
          12.1683579630137         4.592288956185078
         9.068277722147215         5.543677962916898
         9.631438655002581         2.589476962817208
         8.339314591692528         5.860343764267284
         9.797649464793748          6.09455727023558
         10.22404448169218         2.515606660608743
         8.801145308463358         3.849200941454427
         11.59409238867151         6.910780477502442
         12.48748973983594         4.240062290796145
          11.7269233978312         7.401551542239853
         9.791406561841718         3.170087350084192
         10.65809390286144         7.584228637139888
         11.18202315909228         5.263238573862862
          9.37448901315468         4.036846197119896
         10.27403680090928         2.736515786802876
         12.28442117324351         5.266663391560491
         9.811624855032617         6.978941027268097
         8.785721578441237          2.62257044601813
         12.54148677872184         5.768294893829685
         10.73228393835445         6.496155234047444
         9.881022623998321         3.347244095613495
         12.13151617094401         3.392289608360486
         11.15551699403882         3.774122496868027
          10.6768064346444          4.08575033016937
         10.20580100679882         7.897524111545187
         12.68774797164044         3.980164406707373
         11.62318528727588         3.875127347029082
         10.26532318112216         6.286708016787093
         11.73642262546324         5.055070362383857
         11.56758329553987         5.372452190606936
         11.80397052236806         6.332573701553726
         8.566205857036948         3.221840609369492
         11.09242273197907         5.348860002574163
         11.29006623467606         3.143210006418462
         8.930578889191029         7.239392346071772
         9.467165076261155         7.643438909670214
         8.277759833788927         3.309527624007821
         8.230777861127287         5.683513058007683
          9.78811425923932         7.836357508401752
         10.66064888576311         2.525826268115185
         12.56208867809344         4.024417650790393
          8.01091179293409         6.394504739854658
         11.44116663557372         4.687648027382322
         10.30039859885643         7.799253907586395
         11.06042994912722         7.646158582999439
         11.98730948028247          3.71043953183878
         8.357213131712456         6.681105895037988
         10.34678205613392         7.366020411605836
         12.07130295061341         5.388695458418026
         8.804572637937971         7.452327424117497
          12.2670219795173          6.83841441957744
         8.231154130348749         6.007469863422778
         10.54599810165542         7.590097668094765
         11.77151262770903          6.81273813837543
         8.689895945367562         6.081155291580847
         12.97698921957029         5.257818620134393
         7.060866606446899          4.98505460687293
         10.81278036133414         3.399536325242786
         9.441230515094711         3.761269362439226
         10.65417607838286         7.737352622247768
         8.685527208025784         4.655786784530964
          8.80848996788426         7.290891834856546
         11.01907312756567         2.562058561713596
         9.518247218910975         2.181010470800331
         7.242982901733107         5.813629643703504
         10.67342510784838         7.255790866287438
         9.077094355524354         3.724835140411424
          7.64929692660258         6.733445985334409
         10.77960521604455         3.824869413682266
         12.48329739964648         5.779400722752787
         11.38795065874726         4.286725457770525
         9.994770777716909         7.112463744605401
         7.831693331123059         6.269816922855478
         9.813026219836511         6.531679287561214
         12.93379006127882         5.209565177022363
         10.16193306204095         2.608976527368625
          12.0684960244661         6.212687698069571
         9.642145192410167         2.534251181629343
         9.916948450070947          7.15260292988668
         8.797447176460969         7.694696373794779
         12.13868631075891         3.900829483608419
         10.24113269284076         7.717171449712063
         11.50056038237661          6.91835059614891
         7.718473838007558         5.389796030244581
         9.301883327793774         7.753092271788492
         9.221817052909158         6.079210215069734
         10.28608829570636         7.285988851770201
         12.61463639092548         5.193827265329563
         9.654851227232214         6.084578446867678
         10.50996012851228         7.899883019379857
         10.33391195114516         7.058165854068847
         11.59351382221692         3.186814074894546
         9.784157805362979          7.34023720525899
          8.40821164532033         5.813124147886826
         8.177556916626205          5.19909878114074
         8.253217470418271         4.826026431520323
         8.026237069121519         5.966421635596459
         10.64843298831716         7.213237882881564
         7.889102215314432         5.140933578268111
         8.670652738530784         6.660577968755869
         7.333925014499609         4.277718991050278
         8.623084602616309         5.182917612056304
         8.600113952261738         3.115197082510583
         12.11736674445555         5.582878604147931
         8.440703092737772         5.896880921654009
         11.87765369579417         2.725669539833168
         11.32795661959675         3.966909401930847
         10.84631999647726         3.100184205442422
         11.79594184656269         3.394619433785106
         7.229306278844976         3.950628750831596
         10.05897404100384         6.176709865081713
         10.96270613349672          3.20198919487453
         12.83239932226542         5.135414488976823
         11.91131901478144         4.538685788517313
         8.692049862584216         6.282041953781925
          11.2791210113997         5.186842390720547
         12.26006366715944         3.890058615093964
         8.909063583096799         5.631642801323897
         12.02056507228476         4.637174343847782
         12.78420600254487         5.150289902832914
         9.922399707413806         2.771885096414196
         8.072816118109603         2.820498019795628
         9.110219432912309         2.458010829242921
         10.54504563247003         3.581948068646076
         8.801191137915952         4.619456551187919
         10.20625813903418         3.580545591843028
         9.229763507832313         7.635278115513035
         8.995194486234817         7.233731918335179
         10.79728140093705         6.908508917480759
         10.30938045351498         2.757285162187854
         8.691721562994625         6.764310751214744
         10.77079989264876         5.833799092750635
          7.66135526103265         5.397872762294817
         11.55046927651142         5.737134364113918
         9.017260977899934         6.105257353577722
         11.81829461933678         7.077671467560389
         9.424359791981779         2.215025988496212
         8.941788846497275         3.645144802266109
          8.94869314587107         5.685704383658206
         8.633579413149695         7.569198255863929
         12.08165466529579         5.369964134408145
         7.993398462832343         6.047965704272088
         9.835896865704301         6.918624407779928
         12.32042592052246         4.398450940906339
         9.764965940477115         2.782564051772401
         10.97704675399057         4.224797847667992
         7.458247545364454         5.766495346715464
         12.62461056233712          4.82972618961193
         9.386177300529413         2.481892114704134
         12.16077225961526         3.099371931969539
         10.14406158718638         2.243098630670245
         8.607674297609105         4.181921342357338
         7.480386026401973         5.847946163924302
         11.43118048921641          4.85048619123519
         11.12141861843608         6.682723711315505
         7.537420233933489         4.421872196787662
         7.406013558786357         3.869882882413419
         12.12160638093066         4.838448845090671
         12.93625733594567         4.677050505007429
         12.60428344969126         5.191943932711205
         8.001679908897792         7.234229733534581
         10.66697400121545         6.832041680945228
          9.12453593308279         3.075429207158054
         8.593459523009525         5.274204634550522
         12.23437148548711         4.081561225394536
         11.79951705236708          3.48310339139541
          9.51870049826484         3.799276571532396
         7.441339341174491         3.590307511114534
           11.298340712586         4.212360246089092
         8.138657981999957         5.424704483261565
         8.008253215297108         3.711790392882075
         11.11741438212371         5.383524005766953
         10.24479959666589         3.346824042123815
         11.07167716958101         4.678192760038473
         7.385720342556945         4.801797696614733
         12.18310378705877         6.425353694671636
         7.919550272084454          6.88142373893787
