        0.3565347017140015       -0.7425662928305605       -0.5669905706672612
        0.7018611908608962         0.219171460632585        0.6777571391047857
         0.660074230785427       -0.7379142727377361        0.1406575129275532
        0.7834002122820842        0.1970082264280534        0.5894674427956631
      -0.03666253032060934       -0.8553728445202958       -0.5167138044679552
        0.7571691720842991        0.2154510415216407        0.6166649767518968
        0.2210408574332487       -0.6662355671319886       -0.7122296739349546
        0.9615441169132908       -0.2716818279471017      -0.04027276490087622
        0.7611192460198958       -0.6075724397140895        0.2270533502020489
        0.5024136477520225       -0.8303150488144786       -0.2411585500551798
        0.5648903207970514       -0.8249479926206379      -0.01896667975646826
        0.3545553858786338       -0.9159439934887114         -0.18798159254673
        0.5658573941875833        -0.603746457927113       -0.5615119090310577
        0.9256314407265815       -0.3161692778408584         0.207950531829142
        0.7696755529438463       -0.6379749980917768      -0.02423726491133171
         0.758828207434556       -0.6512899156367804      0.001094253852707089
        0.5905065016538151       -0.6122322830404175        -0.525807667410519
          0.97207437415409       -0.2329773616918652       0.02815954637475554
       0.01022052343274843       -0.8602997283899236       -0.5096860977434879
        0.8588654043175394       -0.3780934539056164       -0.3455366223429742
        0.7524533939425363       -0.4669383489961672       -0.4645239156180141
        0.7570010830180673       -0.6397847403741559        0.1327586015813934
       0.09464321265740583        -0.908395707777556        -0.407259008972421
        0.6585796636905661       -0.7525106336834915    -0.0007568133793295351
        0.3926770160079336       -0.9107728975754492       -0.1276616236036709
        0.9884367275913243       -0.1490472515397223      -0.02788821179295542
        0.9886439609203299       -0.1450589970956922       0.03925564796755865
        0.3012502042208019       -0.6770128461745735       -0.6714923086465909
        0.7806608606564471        0.2140882089866696        0.5871412601853282
        0.9453224887462902      -0.05281797524032286        0.3218317165259393
        0.9292612192133645       -0.1768367310257451        0.3243491282957603
        0.9623569309283564       -0.2367421581143539        0.1335001425673881
        0.1349462239983168       -0.8139137439880864       -0.5650963935258232
        0.8681253124945785        -0.447503810905143        0.2147062668660703
        0.2222485433457473       -0.8840552647330762       -0.4111591831376554
        0.1376977126274606       -0.7450436229299411       -0.6526479448129697
       -0.2192264596754357       -0.7913945108699921       -0.5706439236012422
        0.8270654749130643       0.02962676452052307         0.561324286870676
        0.8587574591143787       -0.5095113310105575        0.0541648408773282
        0.2537279141603038       -0.9247185632284914       -0.2837564526076826
        0.9246619701213525       -0.2746195397945836        0.2637884557260044
        -0.324970189497555       -0.6790158621303048       -0.6582794504717294
        0.6132653613175006       -0.7859831710693931      -0.07833295222201592
        0.7017682588622579        -0.710749392844586       -0.0485449423162429
        0.1270144103871735       -0.7827004392799444       -0.6093007154968559
        0.6869438227768356       -0.5385181857031704       -0.4879614206222797
        0.6978847024215652       -0.7129126074426944        0.0686480609720494
        0.7740220868677196       -0.6303248118483511      -0.05983678307931839
        0.2714661420538458       -0.6745408754044899       -0.6865134675495779
       -0.1605421703518929       -0.7629668471294495       -0.6261851177727324
         0.967911292557933       -0.2496631733508302       0.02856623200957226
        0.6874720339082403       -0.5187395853730308       -0.5082238140436589
        0.2064954769178194       -0.6957481693011555       -0.6879637366362947
       -0.2181939921097076       -0.7022235807513391       -0.6776971480270492
        0.7804137068697532       0.03910098036300244        0.6240397098458265
        0.5057901812252655       -0.5542296394737615       -0.6610641415966362
        0.3479908571219634       -0.8127108989813367       -0.4673364505754593
        0.3078631631199692       -0.9382983842784528       -0.1575322660733731
        0.9493527925891019        -0.265581588471999       -0.1679157379996388
        0.9683523038176689       -0.2107878672495916       -0.1336498810750734
        0.1957987943928842       -0.8678664385064256       -0.4565858922792793
        0.9121584325121121       -0.2562986635019554        0.3198093011220251
        0.4081423007356447       -0.6350906680652786       -0.6558046246303946
        0.8770917354695398       -0.3431681042901761       -0.3360740093623989
        0.4574694570525471       -0.6006668910866588       -0.6556835988617801
        0.9090698952816095       -0.2899523077991609        0.2991982364497228
        0.5609376735404062       -0.8278182498128168      0.008116137007309163
        0.8584994440500052        -0.473232517036044        0.1975593313047052
        0.4453017797492488       -0.8069912814589012       -0.3879064276361914
        0.7096925213551565        0.2593047112462241        0.6550554112882917
        0.7050986634384827       -0.7059065230472479      -0.06731905775195043
        0.6438514450709499       -0.7509458654377327       -0.1467502090697808
        0.4822339640307589       -0.6600738027945487       -0.5759800159723633
        0.6589617178083198       -0.7521481941847908      0.006522917113253368
        0.4853222341632031       -0.8269312428878903        -0.283984239990049
        0.5368402709182645       -0.6751155946246737        -0.505985629652639
       -0.1616069239220667       -0.7692491458998176       -0.6181738862754137
        0.8158957142241844       -0.4611920328517649       -0.3487349887015418
        0.1116371757391703        -0.758200437206647       -0.6423933670366085
        0.8235017064720966       -0.2249504976739517        0.5208091906195457
        0.8024949538989351       -0.5768041917829756       -0.1526393570097003
        0.7480142562283343       -0.6602430214795558      -0.06748203514061193
        0.2381844865003327       -0.7985388780962441        -0.552814444962652
        0.8409200842873004       -0.5393765325070942       0.04389040923553944
        0.5520495385376387       -0.7839737260901581       -0.2839480653230337
        0.4277745931370445       -0.6290350229115045       -0.6490946290158002
        0.8050549855199345       -0.5931463337174504     -0.007993565352501425
        0.7499784608292485        -0.654171976015181      -0.09793535668278933
        0.8626862747203892       -0.2974502761274054        0.4090180003872536
         0.183947804434489       -0.9096716624478148       -0.3723716849911657
        0.9360490417734079       -0.3090555683750242       -0.1682166669848023
       0.07583806741910054       -0.7398067833665145       -0.6685316079401383
        0.8829348300282358       -0.3738732141580579         0.283980467036262
        0.8016438324280191       -0.5778718856630914        0.1530726941368103
        0.9074939042706011     -0.004869727731714679        0.4200370215391973
        0.8149744947321916       -0.5517800465109488        0.1770744284429129
        0.5919500690266694        -0.805771070056899       -0.0181134877558542
        0.8458627214732385       0.05312822853775179        0.5307481961856555
        0.8695811527201029       -0.1894085670752727        0.4560186548294582
        0.7714151936296596        0.1362960113183046        0.6215641530333258
        0.6037030620862482       -0.7924768899389555        0.0867351816759957
        0.1791584325671593       -0.9128964323432912       -0.3667728995645254
       -0.1287548574718567       -0.6675219454227959       -0.7333734649251824
        0.7059080937295135       -0.4792624405675064       -0.5215374159812907
        0.7538515709330866       -0.6537111928950939       0.06610208230752401
        0.9719611778323821      -0.02279659876603352         0.234033723790801
        0.5418629558647802       -0.8404665465042862     0.0007219893638747699
         0.880485039414208       -0.4619572297066661          0.10649701070689
        0.8180545318493573       -0.5389657236149072       -0.2007554026396013
        0.6444309761484305       -0.7390478666269384        0.1962574019357031
        0.5906987945979776       -0.6871992576870242       -0.4228854623830183
        0.8245489697395547        -0.560554005058754      -0.07679976506493658
        0.8959444791640104       -0.1131484137502609        0.4295124290650151
        0.8179079645357484       -0.1662123866143863        0.5508175778648849
        0.7380299559407963        0.2487917858146224        0.6272275754821349
        0.5117905761762003       -0.7617978292455505       -0.3971579956314612
         0.821988445492824       -0.5607046418061704       0.09972612563067298
      -0.03882743837477476       -0.8835716923148329         -0.46668350578219
        0.8614608097950923       0.04756920829931355        0.5055911822895652
        0.9750054068536005       -0.2047882093472357      -0.08617566894778167
        0.7018073471486084       -0.7119207781285599      -0.02520422895187271
        0.7312835496035659       -0.5230516787031071       -0.4377685592697023
        0.9032583785606514       -0.4095978174697203         0.127882483100792
        0.4456721509054684       -0.8263968176576919       -0.3441578615585196
        0.4347427241529862       -0.6783053745772003       -0.5923686205528822
       0.08211998673775289       -0.8216375837599802       -0.5640638161868324
        0.6229582252606743       -0.7606825640348867        0.1824420081926899
        0.9689775168761388       -0.1445751564077075         0.200450981385074
        0.6170845034441997       -0.7856080350479878      -0.04501922785949268
        0.4659859830292571       -0.6648321273995697       -0.5838281476578695
        0.3703200452799141       -0.9046997151806225       -0.2106691468060348
        0.4424414865544584        -0.827149442151059       -0.3465102182110551
       -0.2029309928399656       -0.7626250460241721       -0.6141840532947879
        0.4731278950513396       -0.8022333905535456       -0.3641038066338376
        0.8249063325604208       0.08359646221778366        0.5590538203128452
        0.9910908542197551       -0.1317181281716255       0.01972950564306009
        0.7342304250417342       -0.6788973458049185     -0.002019109227121479
        0.5138788143521086       -0.7641853345718457       -0.3898067964843452
         0.986500742264711       -0.1574280470729818       0.04508542454010622
       -0.1943420282697607       -0.6650781991196711       -0.7210424156065514
        0.5431510757894599       -0.8359534704738838      -0.07854109797693258
        0.9056154745604967       -0.4224583977874643      -0.03727619046273939
        0.7683570981731211       0.08482421184236968        0.6343754588351457
         0.798248617048779       -0.2175315320879223        0.5616753314212695
        0.2032773302755373        -0.930510609272055        -0.304677424546354
        0.7826290263599426       -0.6201031489278988       0.05444163653484765
        0.7884628772032228       -0.1414394864455399        0.5985993342348767
          0.70187098572221        -0.654370895227272       -0.2813820372390384
       -0.2410252087537576       -0.7359477880192761       -0.6326829395951359
        0.7255875582077929        -0.686556865253318        0.0465012488820464
        0.9730435905016588       -0.1711293089497834        0.1545992580901008
        0.5691694445564047       -0.8133441800085768       -0.1204881248485913
        0.7898295998707674        -0.610212337141909      -0.06172606230590388
        0.8161849691324854       -0.4750824768706694        0.3288445473664319
        0.3672511203159223       -0.7910828962609987       -0.4891977778669991
        0.8889481710820746       -0.4516284921050912       0.07617646781464876
       -0.3862133933971543       -0.6160495219609847       -0.6865290971636216
        0.7725742272943485       -0.6348791835415777      0.007581927599237231
        0.5686726918712475       -0.5338467585180735       -0.6257947011118383
        0.8334186522023199       -0.4888151874858382        0.2578237045821297
        0.8319567183371462        -0.544145255286604       -0.1084156813508212
       -0.1820780427792107       -0.7198359513508056       -0.6698386294329197
        0.5990604312575829       -0.7946298491133754       0.09843781082253419
         0.984086263900162       -0.1686205591439518      -0.05604758903826307
        0.2231423726530354       -0.6688174390631245        -0.709147879311373
        0.7955649556253862        0.1502321057607844        0.5869469446035627
       -0.1829331105203491       -0.7247856683596016       -0.6642448434243774
        0.6534057570716415       -0.4950403581690367       -0.5727093158047167
        0.7931412163825561       -0.5124376365154608       -0.3291423393573782
        0.7686063385329269        0.1657075832520215        0.6178877674948601
        0.9506264445172425       -0.1143670966092444        0.2884952862659591
        0.7791628453915106       -0.4762866692946421       -0.4075000233295956
       0.03779247860213564       -0.8750422131585792        -0.482569014496002
        0.9849461700563749       -0.1610873385657522      -0.06270495550657396
        0.9785572485167515       -0.1231930192987104        0.1650732909085908
        0.7807662845257659       -0.4773112451137907       -0.4032096033525904
        0.9693772417275595      -0.05674217037176077        0.2389311392894843
        0.1076722375319717       -0.7698877360202562       -0.6290306536175029
        0.7834585532052147      -0.01240122095418894        0.6213202919013968
        0.3563345373598577       -0.6781071199061538       -0.6428035714097406
        0.2637510688483852       -0.8676220192750409       -0.4215061154365798
     -0.001092379720104619       -0.6938412037529944       -0.7201272045139959
        0.1634030139670109       -0.6665363936305171       -0.7273435852418864
        0.6581945610151627       -0.7338162145010598        0.1682072625821839
        0.8752996894315794       -0.4835807026429342    -0.0003971301384579351
        0.8110493336592661        0.1309278433837551        0.5701375958465986
        0.1681046336097288       -0.9132332032426669       -0.3711414132835041
       -0.2402006203163365         -0.66208839089176       -0.7098891636347235
        0.5215844416140766       -0.7526006337852678       -0.4019228238009697
         0.514100935285971        -0.570781468790472       -0.6402411602072156
        0.3068898299300615       -0.8403262341470469       -0.4468449982821117
        0.9693960091141327      0.002482589793871226        0.2454897436992182
        0.8800258999409747       -0.4558582530090186        0.1332203760565296
          0.45673905128787       -0.8089666166757318       -0.3700843851513815
       -0.1052689078518517       -0.6938877731774125       -0.7123469767427739
        0.3017358750408596       -0.9256705387475306       -0.2282312761393216
         0.908824377431135       -0.3751648864153496       -0.1824542654690972
        0.5967386357353754       -0.6174386644904987       -0.5125158497186914
        0.8472421579693059       -0.4284551808071474        0.3140173304119193
        0.9931413840709833       -0.1129069659092012       0.03036788261881418
        0.8514886256807828       0.05396560603715725          0.52158875917843
       -0.3876759510688381         -0.59692499643603       -0.7024157640548205
        0.7826346155021033        -0.582688574159607       -0.2189910595474603
        0.2776522950356288       -0.6291239276222415       -0.7260249904477205
       0.07574327428060312       -0.8781732740686419       -0.4723077991234272
       0.01424270915983783       -0.8349224229140837       -0.5501833266749043
        0.8883515814583978       -0.4524154618988477       0.07843288567441559
        0.6496796996395234       -0.7588653121158131       0.04516332520605504
        0.8390079543120728       -0.4934416619640396        0.2293054269729295
        0.4531001760581447       -0.8504633974402227       -0.2672306869925529
        0.0137684666162215        -0.707086917225103       -0.7069925889400387
        0.8446751001163343       -0.5222091870870462        0.1175650465289189
        0.8358175715310412       -0.5408595043482137       0.09423366530151206
       -0.3128823770776517        -0.632202839236216       -0.7088188683831049
         0.302716131611151       -0.8629078696285528       -0.4046639991344586
        0.6371377696360905       -0.7555342188483826        0.1523926069476874
         0.472762142946445       -0.7380041459740049       -0.4815037245150496
        0.9630819402544862       -0.2682981242022975      -0.02211996621115248
         0.955116000370964       -0.2269253259270031       -0.1904161817921362
        0.7953601373406662       -0.5764189276948296        0.1874659215019603
        0.2540552925783952       -0.9159442962381023       -0.3106476372061977
        0.8256210357251952       -0.5299101354642688         0.193765718588961
        0.9263032649115457       -0.3350315112213837       -0.1723837228479735
        0.5566332552472469        -0.777077275363284       -0.2937861931181041
        0.5391067648730059       -0.8169667116447934       -0.2047664233522046
         0.317473946198442       -0.7804869453775217       -0.5385632939408833
      -0.04928874593776972       -0.6882926495029384        -0.723756760358138
        0.5955165803834294       -0.6575044627367451       -0.4615711039154105
        0.5937644572014437       -0.7942951153508253        0.1286041954762533
        0.4142291563307492       -0.5838789540061716        -0.698211696489091
       0.04539311477081664        -0.753822203016365       -0.6555086203635752
        0.2332963925172604       -0.8823186996401816       -0.4087621625146965
         0.700380703312997       -0.6808965629624959       -0.2141185208538755
        0.7866927189148223       -0.4530959193255483       -0.4193073501584969
        0.4646773052254752       -0.6310500062926339       -0.6211689718317048
        0.5025635589623001       -0.8635329768183405       0.04172130331619834
        0.8899810446704912       -0.3409983385021851        0.3027439070666335
        0.2527827877046572       -0.9446587803619708       -0.2090948371560035
       0.07776171657842973       -0.7855940808953579       -0.6138363426003333
        0.3635567102638387       -0.8981747695129167        -0.247201540918648
        0.8570435527288625       -0.4854957867130317       -0.1725404005147315
         0.944581684352652       -0.2973405717245697       -0.1391187478092477
        0.8824463071551395       -0.4328683929931577        0.1841561004576789
        0.5138920902687816       -0.6970714517767109       -0.5000063106372674
        0.8506133761748871       -0.5196185976159965       0.08033303980271977
       -0.3905385298692777       -0.6012468801699445       -0.6971239816370194
        0.7531152369139845       -0.4493048891464295       -0.4805648307118485
        0.6286136843243594       -0.7646533262897968       -0.1419511411511165
         0.745097307085139       -0.6001256293157395        0.2909969622055557
        0.2428529351605736       -0.8933496452696768       -0.3780857881227971
        0.9476896568327444       -0.2713650567226193        0.1680634413611856
       0.02935490816208336       -0.8829060615030749       -0.4686311725951701
         0.975553033539154      -0.04213818859177904        0.2156864664617562
        0.9316939292215203       -0.1796309854340522        0.3157200204671159
        0.6491633389929221       -0.5887361525760135       -0.4816395975805495
         0.184207695685728       -0.6550831894813971       -0.7327574903807084
        0.8157277912289476       -0.4437420406661408       -0.3710541361610075
      -0.07513956627701884       -0.7156322821558907       -0.6944238491843819
        0.4193393572416589       -0.7798964890788761       -0.4646675906393676
        0.3663421004635816       -0.8441746149696132       -0.3913600450593245
        0.3548110209235038       -0.6835520971807247       -0.6378602275350407
        0.7708250979083888       -0.5183512326349402        -0.370325084298054
       -0.2375313709068477        -0.794814555732527       -0.5584341230895719
        0.8496523713701658       -0.4226462904886185        0.3153743188042807
        0.7607283691899427       -0.6476503547223751      -0.04291114467818019
        0.9921719790536532      -0.09973322706728618       0.07515349226418072
        0.9860366227649484       -0.1660995293474535      -0.01194675340204471
        0.6350963176281139       -0.5938246237946925       -0.4939888495809414
        0.6027453457805414       -0.6830402012221195       -0.4124974323003021
        0.8088001788020234       -0.5205609493094274       -0.2736029400863279
        0.9170520279446914       -0.1664699595505324        0.3623580144136085
        0.1987447673687239       -0.7433085036456573       -0.6387432863456224
        0.7529366010292313       -0.6230389834740634        0.2119172005811562
        0.9065788969729075       -0.3035752682714839         0.293183833212684
        0.7272943407996594       -0.6199483495598113       -0.2944604994203047
        0.8894036697388445       -0.4512589371977627       0.07298276409003629
        0.9292218505206824       -0.3512666327007905         0.114710528139166
        0.6770973054324471       -0.5536834224999647       -0.4847410717329874
        0.7851346682028961       -0.3872773340716372        0.4833009614104793
        0.2969309264152709       -0.7202745176064852       -0.6269263467305501
        0.6448550983228909       -0.6849182791736954        -0.339188521357546
        0.9392834370643102       -0.3215339728805485        0.1198437697183568
        0.4880672001924383       -0.8505083096483401        -0.196025568014577
      -0.06273829598152769       -0.7362518552406735       -0.6737930779341688
       0.05204601561915723       -0.8426979978670837       -0.5358649985294607
         0.763082821338164       0.01184743704776459        0.6461921123118008
         0.866672419756302       0.09478622252479846        0.4897902498552169
        0.9874822746860292       -0.1526450221815925       0.03972724989332238
        0.8554147509196319       -0.5150720737800754       0.05446432521382016
        0.6216964625753739       -0.7026586575533782       -0.3460698186588236
        0.9883684303001132      -0.08624385249685393        0.1252591070245634
        0.1300342427290904       -0.8107255421607771       -0.5708022345839109
        0.7933521787981562       -0.5823910785872376       -0.1772369938196103
        0.9598442381473311      0.002483790034261385        0.2805224933627162
        0.8836668714364594       -0.4524735610917031       -0.1200022368070393
        0.2601380944035382       -0.6734383087437865       -0.6919602706488314
        0.3982479438089925        -0.910678491311557       -0.1098328762912806
        0.4802685209341921       -0.7876248603721365       -0.3859912267441524
        0.8487429696778931       -0.4816831069794167        -0.218212639122959
        0.5897549454214202       -0.8075086123562812       0.01090620563765997
        0.7902759440989636       -0.5995014186738195       -0.1267358717434405
        0.6795361499571512       -0.6567139291423817       -0.3270434774946399
         0.631329096126924       -0.6671848017184608       -0.3953327873317103
        0.6918748030294863       -0.6731523001941548       -0.2611038829206264
        0.4594199026913862       -0.8095432851817062       -0.3654764321105369
         0.907849586889689       -0.1636593817572612        0.3860372188624466
        0.6631269934622708       -0.5950058268660836       -0.4541262561635231
        0.4333099331000819       -0.7668427844277074       -0.4734919702043144
        0.8856068675051284       -0.1631254310820991        0.4348454552620202
        0.9069526967633004       -0.4208750135011438      -0.01735018282869794
        0.8049010192889208       -0.1903418683379223        0.5620536649691785
        0.4374391466647349       -0.5872164957263942       -0.6810460925018529
       0.04769917857009714       -0.8507046626912429       -0.5234752766264288
        0.6303716547507426       -0.7673992690334652        0.1171748214153275
       -0.1388394897203971       -0.7837650225962522       -0.6053395621045069
         0.608849366636502       -0.7746048745113067       -0.1711424468963008
        0.9076160172450998       -0.3637510962771254        0.2095669468149316
       -0.1341963261234859        -0.722051058732495       -0.6786999444808007
          0.75798571614426       -0.6052371543147973       -0.2431987688254191
        0.5239542792292309       -0.8239594864211647       -0.2157838687528512
         0.816389499772433       -0.3461209758297206        0.4622861178447809
        0.8551468910363933       -0.5164429171469958      -0.04483868953808051
         0.895324190803518       -0.2563102699347556        0.3642796163498557
        0.8690983596797655        0.1045927588690435        0.4834546472980721
        0.4427264976441959       -0.8869041238261249       -0.1318875408214049
        0.1748047127900886       -0.7605249648237695       -0.6253359819058703
        0.8248812237155501       -0.2288914843428537        0.5168942398178391
        0.9300066750343767       -0.1196480859157528        0.3475225459278862
           0.3052303270044       -0.9259824512409467       -0.2222407421482269
        0.2429389833860383       -0.8329288818460001       -0.4972023010185394
        0.8941327885022518       -0.4168317023864259        0.1636395074877148
        0.7741370756989417          -0.5615269908163        0.2922314606832779
        0.9882442994747658      -0.08635321853934722        0.1261599231274556
        0.4198110560517876       -0.5842595634214974       -0.6945498108611103
        0.7861121224605034       -0.6043076856342334        0.1297688406515176
        0.7726036899423171       -0.6345845369053259       0.01964697961949638
       -0.2358535752873606       -0.6436893571542623       -0.7280364705909327
        0.6592891681899056       -0.7267235387327032        0.1929007282497387
        0.7445053164043532       -0.6531897177661098         0.138039945125618
        0.3410501279849695       -0.8052578329134956       -0.4850202395085144
        0.8373288995740449       -0.2115398570532973        0.5041142755526663
        0.5287350551799863       -0.8391069131191156       -0.1278234320440735
        0.4717019204426681       -0.8561767951524403       -0.2108520658973853
        0.2099599777962283       -0.8937696823361154       -0.3963490414528668
        0.9523085624327122       -0.2654951450140144        0.1504018945736001
        0.7391585299261287       -0.6701873460581098      -0.06703423618593315
         0.511487063722466       -0.8248195966492394       -0.2409431813269591
         0.841472243793036       -0.4483028468198778        0.3015775529761902
        0.2132396056530396       -0.6970404197206241       -0.6845900407226447
       -0.0224077370361998       -0.6888251533640706       -0.7245811213479697
        0.9606065860620893       -0.2486878272390718        0.1240538245974205
        0.7135505265884452       -0.5636633450246846       -0.4160880669773359
        0.8816219155584708         0.075729560807798        0.4658409939312669
       -0.1528932776307757       -0.6605768181576681       -0.7350251104336569
        0.8734672732386493        -0.187270405542926        0.4494270995265269
        0.6608613836816348       -0.7303058230171171        0.1729613726405009
        0.7138542227099546        0.2034512907915025         0.670089338069513
        0.6328613756891668       -0.5725840990561323       -0.5211851193855146
        0.6227860874651789       -0.7794830895686985      -0.06740624849560045
       -0.1976952929875861       -0.6693901051575467       -0.7161239126350417
       -0.1945636309685094        -0.714793664338401       -0.6717253984523965
        0.7443066077412379       -0.6357863644583794        0.2044098149344297
        0.4860505592526506       -0.6411207817078364       -0.5939015045548534
      -0.01693796619388621       -0.7500783634508946       -0.6611320246244636
        0.4408237992136692       -0.5750530218186705       -0.6891940221331307
        0.4310105146814817       -0.8850856364824391       -0.1756512235268508
        0.1696363841240681       -0.6813051288271876        -0.712072200422879
       0.02411534632178053       -0.8830382802440981         -0.46868096365793
        0.6550579656303299       -0.5877016009114897        -0.474874604448717
       -0.1267289892461191       -0.7186988329108177       -0.6836751793485598
       0.06713706861367896       -0.8667649689934573       -0.4941771975149531
        0.5621443159655612       -0.6574831860454549       -0.5017067152182925
        0.3922818062392687       -0.9168438744347153      -0.07424482746425562
       -0.3659930227996202        -0.605682559725811       -0.7065392728688097
        0.9926073888369344        -0.121362602600054       0.00130012171138888
        0.8452947129410269        -0.494002878703852        0.2035632680673367
      -0.07344843466302198       -0.6406300779262653       -0.7643287451756208
        0.8812416795900038       -0.4717690063631566       0.02910509901218389
       -0.2028159339809004       -0.6869478968518682       -0.6978311285219728
        0.8214737147598641       -0.5286313032146288       -0.2138454610699808
        0.2208922347251501        -0.687580255449065       -0.6916935831383197
        0.8639526760257473       -0.2188778201370714        0.4535176660726611
        0.8355754896151817       0.04851395375371134        0.5472293828419049
        0.9333101414385114       -0.2843904528446702       -0.2192127966584738
     -0.003971649290290924       -0.7759455383032205       -0.6307874028460301
        0.9032517665259041       -0.4284684177168802        0.0234746946098785
        0.4653976203870888       -0.7956408998130466       -0.3877636051548943
        0.6945482525625132       -0.5083862771591543       -0.5090639626398777
        0.4134063532938874       -0.6150578958278823       -0.6714156475954576
        0.9748154474447347       -0.1842562165946703       -0.1256363405601252
        0.8015047939302145        -0.590957558610871        0.0914288205521851
        0.7442125769361105        0.1383009698911588        0.6534680421086241
        0.3068394288981006       -0.9237584728559753       -0.2291720940696829
        0.6969980828137364       -0.7167366764299877       0.02195926260307884
        0.1104863529941098       -0.7617130267415013       -0.6384246476244179
       -0.1434273834981364       -0.8077815910887427       -0.5717669864210575
        0.7047087147171863       -0.5264367363745575       -0.4756574292460445
        0.3125003466640516        -0.773196080519105       -0.5518254745884258
        0.4063187067342773       -0.9112766940522868       -0.0669320209983157
        0.8940675725313743       -0.2003287888998121        0.4006389298180972
        0.2241407925667486       -0.9083869455623668       -0.3529788410647636
        0.9028073331674897       -0.1417744358125176        0.4060036065468476
        0.5312252346295219       -0.7717400499043354       -0.3495955455472274
        0.1046457687902293       -0.7548859954518407       -0.6474537797750395
       0.08793692049023694       -0.6671567658864642       -0.7397086911390236
        0.8109528090554387      -0.06574368641732592        0.5814063202110495
         0.708072243671781       -0.6854059640384905        0.1698598310433547
       -0.1530545224389109        -0.687935745799084       -0.7094495914530186
        0.0519013835171051       -0.8462130653969947       -0.5303109411849163
        0.8523352970244475       -0.4261401199817503       -0.3031981853312884
      -0.03972007745818262       -0.6718968669118769       -0.7395788772542923
        0.4947849055230985       -0.7152004956855823       -0.4936356432001195
       0.01923052051071572       -0.7578540677720003        -0.652140628271479
         0.434079267155972       -0.8964439862388209      -0.08923771266447107
        0.4491278174090164       -0.7546746659443883       -0.4782785299500065
       -0.2699769418481471       -0.6402830096203604       -0.7191315028990287
       0.09668388851052984       -0.7822528653960301       -0.6154126097848367
        0.8230012407962037        -0.476729021991093        0.3088663096540716
       0.05205017058461781        -0.732640994872074       -0.6786220983544304
        0.8062247253684063       -0.1490702938965606        0.5725205146387603
        0.6607490186749934       -0.6022160908724171       -0.4480474463875202
        0.7985114364986117        -0.510297926970305       -0.3193360479349816
        0.8401684199812623       -0.4834019741664785       -0.2458445798429172
        0.7050739721741841       -0.5474205313971079       -0.4507787212895325
       0.01390969001652514       -0.7802480358010105       -0.6253155388700246
        0.8498651069300295       -0.4449870783724403        -0.282339866303661
        0.4268217019810232       -0.6772452413998208       -0.5993013580155822
        0.9828546365122773       -0.1843819083543943     0.0002745139539791497
         0.745924110469885       -0.5796223937691299       -0.3280778902350085
      -0.05116360611974707       -0.8578115615689597        -0.511411390416215
          0.78185756117381        0.0881118163889556        0.6171993696108097
        0.9524245127204352       -0.2440073654427613        0.1826142195419741
        0.3821812339608102       -0.8988250499278002       -0.2145950466121708
        0.6392605028299057        -0.612911063661953       -0.4644201089126414
        0.8332227492423677       -0.3240569152478391         0.448025630767979
        0.7498514176448481       -0.6548419487505339       0.09436563788061161
         0.865156213691407       -0.4113158182308481         0.286921633175744
        0.7930315656111674       -0.5466146073820801        0.2689115225140691
        0.4499437845505201       -0.8022898507297002       -0.3922774351915624
        0.9088561358994698       -0.2985899040605224       -0.2912466196044384
        0.9895556747298478       -0.1077068973759165       0.09580600642762138
        0.7942599154449046         0.201591480622374        0.5731597174068778
        0.4005339879721841       -0.6237997460172782       -0.6711530386937674
        0.3885747891342985       -0.7891621231160524       -0.4756393346730273
        0.8533916461884483       -0.4483859561823267        0.2658434360939362
        0.4303264158791553       -0.9007735870320377      -0.05853307357414645
        0.6178190336291005       -0.7863144430913094      0.003039452517879765
        0.5160062745130982       -0.6673944173587434       -0.5369564380296569
         0.533561061834337       -0.8237163913989736       -0.1918434253105057
         0.701747336525645       -0.6889174961222708         0.181503055665144
       -0.1081241027779211       -0.6425607646240015       -0.7585676253072552
        0.5921313727518686       -0.7933555314234592        0.1413061858617244
        0.7028226340665183       -0.6480232271157198        0.2934386514457986
        0.6302116092927745       -0.6554804617053331       -0.4161474400199702
        0.5918017136896124       -0.8060081609703034      -0.01102615632520099
        0.4122587308705039       -0.6110587343198923       -0.6757588046281102
        0.4307577128791594       -0.9000670316413287      -0.06578093452880471
        0.9079516174768365       -0.2491136259657165        0.3369959371853158
        0.9556083763645133       -0.1083447865152946        0.2739964201535014
        0.9052902828292863      -0.07928667594314354        0.4173285598096037
         0.771600423255723       -0.4773076311397612        0.4204880641437265
        0.8419184817935946       -0.5214966898380389        0.1386162779125775
        0.8170871975370043       -0.5392036815031096       -0.2040291681956715
        0.8596008307824134       -0.4970782961840046        0.1183198173637509
       0.02012161499079895       -0.6843289690768284       -0.7288957282714773
        0.7393873503994912       -0.6171625196540793       -0.2691036424938324
        0.2032633852194536       -0.7012598429052228       -0.6833144436916802
         0.656852182111618       -0.7278662889446155        -0.196865122033334
        0.1083215409947111       -0.8161195358884892       -0.5676401561708684
        0.8944762839865386       -0.2659679423360932        0.3594067765570625
        0.3958842184750989       -0.6813027628752397       -0.6157127827655725
        0.4204455680352454       -0.8304828575344789       -0.3654090142031066
        0.8633501565202776       -0.4106290259489131       -0.2932751443349043
        0.8999430997519052        0.1174921864624389        0.4198785578345336
         0.795856113230792        0.1337967428151615        0.5905179748705626
        0.3865986442388873       -0.8752794198087206       -0.2905639783799148
        0.5124822385072638       -0.6956804691671622       -0.5033792209000495
        0.6139959203319603       -0.7369050992933267       -0.2828071506366154
      -0.02494715950859461       -0.8399963275951058       -0.5420182735472935
        0.8483716359083827       0.02924293367956496          0.52859286621742
        0.9163807249884994       -0.3982814803478052       0.04022722065359219
        0.6145270936049401       -0.6639960295056916       -0.4259879388270776
        0.1721478453546466       -0.6672203699409819        -0.724694485473411
        0.8252937454243274        0.1148644214354523        0.5528981809083697
        0.9287662155634875      -0.01289686913690541        0.3704416115858786
        0.7643646757320227        0.1826569098222569        0.6183713251657644
        0.7171727024383754       -0.6196296318474617        0.3189395463309878
        0.9422718738317962      -0.04237801986249792        0.3321563174441355
        0.4345186611001327       -0.8843351536150331       -0.1707186844971104
        0.7312419909453617        0.1536195239993729        0.6645947581229255
        0.6988334492124473        -0.546659830866583       -0.4612969104370336
        0.8531851143019712        0.1540662544864597        0.4983359810028228
        0.1022493215475353       -0.9340928934087382       -0.3420753465632393
        0.1918869839172444       -0.7648489943439605       -0.6149678050550087
        0.6144492204238879       -0.7860664005268231       0.06746680282391225
        0.9133283433369086       -0.2431434616727543        0.3266689368508245
        0.6366395988099935       -0.5156112466895555       -0.5734414211707179
        0.6772605666427479       -0.6953386712174353        0.2404625899808852
        0.7333013075396173        -0.679869707825269      0.006809753466248208
        0.7255454797179078        0.2524495734952567        0.6401976020753077
