        0.1562763145508021       -0.1479721429360208
      -0.09708296444964833      -0.01735185797032965
       0.09344261969601847       0.02465225299943841
       0.05393852548844415       0.09507984305978129
      -0.03037416213836501       -0.1309350317590288
       -0.1579471937333371        0.1571224587242475
       0.08737520832376811       -0.2523389045015293
        0.1379170761200715      -0.08044013171236437
       -0.1493528657372677        0.2508576111614076
         0.131259767657893       -0.0616652385703497
        0.1451656495633666       -0.2553919614123783
        0.1348021919986619       -0.0714445051803228
        0.1619636360745484        -0.201695351345446
       -0.1496957002861715        0.2504093867527879
      -0.09777285643030703        0.2575060828152954
       -0.0971098187760831      -0.01729738899699651
       -0.1569317065515555        0.1514112293877523
      -0.06532680970733951      -0.07623316817950536
       0.09313618414002545       -0.2553605559584813
      -0.02163697444419895        0.1966895188544232
       -0.1549704836303301        0.2413081668598167
       -0.1532511812184425        0.2448217593300074
       0.05051770717771668       -0.2253479454227602
       -0.1217244217645156        0.2635047722606164
        0.1371209606441051       -0.2606674029359445
       0.04693581540009632       -0.2221197150882651
        0.1063511872710057       -0.2607248968823197
       -0.1277855968092053        0.2632331840552369
       0.09483087549155129       -0.2561755472749238
        -0.161813356725035        0.2074490068980382
      -0.09676264994359006      -0.01800084848569139
       -0.1383079093089023        0.0815984027992398
       -0.1555000984912138        0.2400787350188489
        0.1522510144975369       -0.2465904375562314
        0.1289411658410853      -0.05548993499185566
        0.0497331132326928        0.1017790628080748
       0.04487731397668121        0.1093476758844602
      -0.04901925757456613        0.2240092189062364
        0.1283116807309155       -0.2631639318358399
       -0.0515033429219971        0.2262191994245362
       0.05896931069299621       -0.2325731162023124
          0.15103705942652       -0.2485174949467028
        0.1618931018463977       -0.2052999492806811
        0.1206816591212773      -0.03469251937407496
       -0.1168970891720391         0.263111650182604
      0.003919716068525647       -0.1762903612457801
       0.00716331574240478        0.1624819812639096
         0.153912559053567       -0.1367065932047686
       -0.1563346691106144        0.1482716627412158
        -0.161806888663037        0.2075946222855937
        0.1410903058142925       -0.2585167112300946
       0.05307977443713566       -0.2275971772300398
       -0.1534909877325428        0.2443701588392054
       -0.1582862189200136        0.2319024466177355
        0.1577134680874084       -0.2338847837245293
        0.1619705696114994       -0.2004202493188151
       -0.1161068973276995        0.2630017871088729
        0.1015022815371368        -0.259031413761651
        0.1577123397131396       -0.2338884970374978
        0.1580287069224999       -0.1576051243960893
        0.1264854434464173      -0.04912224275626019
        0.1431840027809058       -0.0967044978463605
        0.0408105700872892       -0.2163785885403938
      -0.05929914744192529      -0.08633982722170692
      -0.09681102251123071      -0.01790292417778597
      -0.05472658020371398      -0.09380924738754522
       0.08193867155899669       -0.2491531796809964
       0.02914561749706038        0.1326957930473377
        0.1527812166666774       -0.2456750329990953
        0.1032307523479695       -0.2596739873413677
        0.1609057526689964       -0.2184015162031916
       0.01555469919080477        0.1514913008852555
       -0.1588650605263756        0.1628214447164647
      -0.06404534842537352        0.2366369024038658
      -0.02470557872196477       -0.1389731707969763
        0.1377666165277553      -0.07999608539780829
       -0.1619666725056352        0.2013134894565747
       -0.1520862527419636        0.1288772052585674
       0.08722072841781281       -0.2522527372296325
       -0.1616505415367301        0.2104667585667004
      -0.07775441926567549      -0.05439586443045576
       0.02065881797458935       -0.1956176027514172
        0.1619399379473764       -0.2033958289866605
       -0.0675191683391806      -0.07248116553680652
        0.1506600739634182       -0.2490726561039022
       0.07878396108145842        0.0525223881776984
       -0.1619444190188246        0.2031491992453014
       -0.1607444524657897        0.2196313820041535
        0.1042238249124581       -0.2600239552574236
       -0.1256621040664641        0.2634350172346507
      -0.09863757775552932       -0.0141833394584987
        0.1513753304329952       -0.2480025849564551
       -0.1466867946886903        0.2539260347673717
       -0.1617789654890709        0.2081908091248184
       0.04233171040454179        0.1132457074878103
       0.05810164588303138       -0.2318573782783357
       -0.1428599194268561        0.0956585790881755
        0.1579289357540689       -0.2331624711790483
     -0.009955215768363316        0.1834719630270828
       -0.1064411108518454        0.2607530282928189
       0.09118273368915014        0.0291036523861584
      -0.09273609325767419        0.2551631116463805
       -0.1594406451990705        0.1667610771401623
        0.1189234537075626       -0.0304744225119953
       0.07558292669240874       0.05831385892914527
        0.1328008308223805      -0.06586535273788627
       -0.1610391586976741        0.2172993230863087
       0.05778360552254486       -0.2315935087333714
        0.1531342587762036       -0.1332938002538309
        0.1560298146599893       -0.2387651908495263
       -0.1435854494899737         0.256731091360035
      -0.05036180804052143         0.225209458766623
        -0.156384900183922        0.1485304829125725
      -0.09026157762519088        0.2539002031732363
       -0.1606484630196128        0.1765778397954788
         -0.14263043889423        0.2574591335391794
      -0.04825731873411704       -0.1040980209955544
       -0.1548079481533929        0.2416701160766439
       0.08316430967166401       0.04443367273812969
       0.09394907149497211       0.02364634586316103
        0.1343227288708082      -0.07009447211211034
      -0.04196691882850056        -0.113800431894145
       -0.1156341384656068        0.2629302833176128
        0.1371605439028936       -0.2606496045593455
        0.1145847951544683      -0.02033540266628962
       -0.1332065890944788       0.06698476012311688
       -0.1611108839408366        0.2166687110443386
     -0.001770734852175826       -0.1693009579093365
      -0.07130892346654089        0.2420711818678497
      -0.04239466957571523       -0.1131498700876746
         0.099524362382147       -0.2582455421792932
        0.1367628365067891        -0.260825362063288
       -0.1493073000789062         0.250916174214563
      -0.01551363535558716        0.1898740210883319
       -0.1595051401564075        0.1672250711623689
       0.09355545759919541       -0.2555654161809067
      -0.06324596939426873      -0.07975637004368498
      -0.04037215399157507       -0.1162142159578539
        0.1618640714434899       -0.1937224236244555
        -0.043848741083224       -0.1109284210211889
        0.1245366502704669      -0.04418498365964074
       -0.1610669745693948         0.180871976053526
       -0.1568649615905028        0.2364956530379903
      -0.04596138496773272       -0.1076731997379756
       -0.1456698950154894        0.2549263908314439
        0.1522714782421055       -0.1296441334962972
       -0.1460915818049054        0.1064103339319666
       -0.1345219118290709        0.2616939950880545
        0.1304713478059614      -0.05954661995570348
       0.08533229231020889       0.04035752155972203
       0.02890651327477486       -0.2044533645543192
       -0.1392189765530678        0.2596265368692757
         0.102870827141472      0.005392197663880258
       -0.1346320243063567       0.07096436207720228
        0.1604546752506361       -0.1747978171798023
       -0.1522016683898901        0.2466732229425269
       -0.0439229684180328        0.2193301750733758
       -0.1437617585931476       0.09858587806762141
       -0.1568845810788776        0.2364390435857459
      -0.02869095478591535        0.2042283247346728
       0.04492324712864676       -0.2202637486047486
      -0.09840404420532788        0.2577771867923164
        0.1445731702850839       -0.1012660599182796
       -0.1500691371058339        0.2499054304273457
        0.1529832091403685       -0.1326452132052434
      -0.05142349782755024        0.2261488969873717
       -0.1580963957095153         0.232582038372975
        0.1602390580953345       -0.1729305388894883
       -0.1607406020934609        0.2196595400759487
       -0.1260431313465713       0.04799296556659175
        0.1618385074752046       -0.2068504510632257
        0.1307674476856297      -0.06033996504140378
         0.160573270287997       -0.1758744010752513
        0.1582975457594917        -0.159226921699728
       -0.1121264733194171       0.01474804725126953
        0.1338908566809494      -0.06888582059416674
       0.03561694569765143        0.1233034190386986
      0.001100201689345409       -0.1728537013623609
        0.1267222759083825       -0.2633495071332654
       -0.1002197068583814      -0.01092622425825136
      -0.05307098162091519        0.2275895445582471
     -0.006694910625646903       -0.1630818359078441
      -0.01561906792138139        0.1899934826950403
        0.1480150069365391       -0.2524843740114348
        0.1215343601453591      -0.03676253237764322
        0.1371741391146659       -0.2606434758555329
       0.04944006938611797       -0.2243868942597094
        0.1608143399044013        -0.178195069303991
        0.1609430795201905       -0.1795224640742736
       -0.1450249282710513        0.2555184547199253
        -0.128686855564357        0.2631096917042722
        0.1282148687993146      -0.05358887775486472
       0.06268148116587736       -0.2355659876453671
        0.1516077336701281       -0.1269210429037537
      -0.04263751538524959       -0.1127799364484005
        0.1619434762125513       -0.1968928823828837
       0.04519027460259136       -0.2205117234004821
      -0.06365159203827114        0.2363293262471155
      -0.07992531583102298        0.2478958412854088
      -0.03591930050667219       -0.1228574355741568
