        0.8766840715916796       -0.2468486835090183
       -0.2215795866408121        0.1304654042270141
        0.1613460677671456        0.1334033140337479
        0.6206781787158704        0.2535696329869297
       0.02621596012099216       -0.8925243288231367
        0.4736170969383667       -0.3555828784801375
        0.9234844497816878       0.07920433252840578
        0.0620134802459967       0.06055321908654889
        0.2874419133189082       -0.1761851097853181
        0.2285107153279716       -0.4635893907764478
       -0.8592329962475478       -0.3506200918131636
        0.6579735863896254       -0.4061867018473844
       0.04545577890429024       -0.6284283953032072
       -0.5408876247722744       -0.2728868723409528
       -0.2975365503939107         0.352706675384476
        0.4041804914678259        0.3687374120507421
           0.1124430588626       -0.2218520435614149
        0.7497850656051392        0.4645603986414184
       -0.3417586862660546        0.8846321784184343
       0.04697745824517641       -0.6362096816214265
       -0.1234619445239274      -0.05076583363823158
        0.5863961372075814        0.1580827370975707
        0.1074358617763661       -0.1322652422793716
        0.1946172153675222        0.2764829302152542
        0.3327326397543134        0.3097446523124182
       -0.6825163019565845       -0.5862512876653779
        0.1885352235564996        0.8558684669170659
       -0.8758715069598233        0.2966904470754949
        0.6063933001073947       -0.3898883002389725
       -0.5368386272417598       0.06416519456705548
        -0.316930950790093       -0.5584199210783274
        0.4907441115504687        -0.850631754203226
       -0.7778703509677922         0.220179789015171
       -0.8828600781029298       -0.2298674015179568
         -0.18061041250512       -0.8619922477510593
       -0.6046830724741229         -0.11972942286645
        0.6262633310503208       -0.6075187590561103
        0.3548364383435388        0.4065542163596008
       0.07725064766918287       -0.5609503124567036
       -0.4177196020918379       -0.8801624154506514
        0.3169322244377655       0.04280497847015361
       -0.7739268813318086       -0.3249072317925991
        -0.170285824606088       -0.1309500563811555
        0.7733501806124419        0.1051870253700902
     -0.006860860768336417        -0.685263980987433
         0.273548192275469        0.8861668080132429
       0.05925563957654236       -0.3904221970084316
       -0.3843321106880507       0.03115332166497197
       -0.7287475227476441        0.2612934476996341
       -0.7186502600286053       -0.3509418414835805
        0.7932802266281149       0.01056697194316999
        -0.474250203643754       -0.4949402717265421
       0.02474634778232454       -0.8762995917256481
       -0.4086259451326268       -0.6460056716100523
       -0.3542676077698955       -0.8095027956073929
         0.523913936426475        0.5666295392355192
         0.560745603804621       -0.7308517723908723
       -0.4782067198612528        0.4271190334787623
       -0.5778631647034361        0.4517858034659898
       -0.5515130836222794      -0.03402254003048083
       -0.4108349317097187       -0.1619996266839351
       -0.5767125647826702        -0.108145632257833
       -0.6920512830852574        0.4624703703684252
        0.5375201087026134       -0.6583725944730304
        -0.682268496778039       0.03395969725002461
       -0.3598355742903941       -0.2104667043509588
      -0.08145760614256711        0.4563761684912093
       -0.2193405392196972        -0.461412797219802
       -0.5541667874909202        0.2107636610983961
       -0.2031336481829831       -0.2132077644956926
        0.9564096830166833       0.06622287455192194
        0.5864432782629084       -0.6149243563758565
         0.274160327150501      -0.05802696658320021
         -0.21997871793469       -0.5376155284825154
        0.2119357977590052        0.9292052284677009
        -0.501413783549561       0.08154408750658591
       -0.9028801286616868        0.3951568086378069
       -0.4952533913564481        0.6087398216314672
       -0.4427044545442892        0.4928307780938987
        0.1495978113107203       -0.2076755741461105
        0.6965770797489663       0.03661788001205971
       -0.4392322944924664       -0.3124186142798514
         0.243876717536852       -0.4806252897755249
        0.6979425186171196        0.1522501890763789
       -0.3112830843643274        0.2334689423665453
       -0.4383714744256543        0.2106572236465063
       -0.3826842266514716       -0.3677864976575396
       -0.4707644548804449       -0.7761326798025865
       -0.2300831203546715        0.3140325187827014
       0.08578358419417562        -0.659118386932579
       0.07022945874990282       -0.9299785912075001
       -0.5430214501852563       -0.5736064005752456
        0.6629871967716535       -0.3657293105774032
       -0.1060423763174798        0.1146778763784181
       -0.7327347820538263        0.3402450858450426
       -0.7856966344248598       0.02964581320246328
       -0.3986626505254918        0.6113112781386894
        0.3170454471842266        -0.620108991155303
       -0.3698162626569278        0.7862695867415429
        0.2650013679970414      -0.07384246528617798
       -0.2801585034310451       -0.7420737053280421
         0.230721458809751       -0.0351090819410151
       -0.9057326879125077      -0.04450178246163188
       -0.1364140793049538       -0.5829423852496335
        0.2274839957159091        0.8355871129192245
       -0.6114793889305492     -0.009573073633613677
        0.2535400490993663        0.6688289546440673
       -0.4656920237038091        0.2259260851007355
        0.7732470311795577      -0.05629467490219726
        0.8217439475311726        0.5403654441194887
        0.1324648573180921        0.5998486408800747
       -0.4583741708244023       -0.8527469519924733
       -0.1134288693530965       0.08871646982837778
      -0.08860778792217812        0.9485268210740788
        0.8254644617557894       0.07509802674805285
        0.8676034920773554        0.4418303291701131
       -0.5919228928846046       -0.1611183470621959
       0.09948413434443383        0.3446830039584008
       -0.4668526984038195       -0.7902051470461346
        0.7440694470461331       0.06457275285396619
        0.0716348396369383        0.3417909498094683
        0.3761460398286652        0.1946153408898034
        0.5377467148696594        -0.765779175009605
       -0.1326373118538519        0.8984239747184196
       -0.1457059227026617       -0.6216534983452545
       -0.1399588592223497        0.9551650374043902
       -0.3381283868524088        0.5288573957643234
       -0.0127976522136041         0.135838343083929
       -0.1102150868713474       -0.7651918460845318
        -0.773511581964182        0.1525566736267026
        0.6901942083467415       -0.3970342285653561
        0.4742899032288957        0.0575922306814288
       0.01860647993100404        0.7635961380784807
       -0.9722060458654027      0.003472734694488039
       -0.2473429843226954       -0.2681194413796183
        0.1318823784310143        0.8249321931964357
       0.05085093740849932        0.1101683376131776
      -0.07995483705366517         0.167986034698126
        0.5857066144236351       -0.0128456966263735
          0.36888407800976        0.9084269648080676
        0.2249915223450742       -0.8369141438357762
       -0.4697220737896365        0.2156409245077522
       -0.6403578741945017        0.5095258991509604
       -0.1640163119007482       -0.7503315443207036
        0.6571991483944897       -0.3676827041955106
       -0.4899739682643023       -0.2142811752752216
        0.8314998089352211      -0.07615355348375849
        0.5542805733686765       -0.2216691110691128
       -0.1547181157595758       -0.3123766035483969
        0.8446440340730902       0.07367033168584902
      -0.09744374195817823        0.9271074179602771
       -0.2364706017686151       -0.4384724024391781
       -0.7387827779124634        0.1445755964387475
        -0.259880036633911       -0.6828736565760434
      -0.01272244883116413        -0.656660261152327
       -0.2435174721165945        0.7644720141391177
       -0.2659314555250691        0.2349044308075587
       -0.9297633180602375        -0.111188823632177
       -0.1344466030236479       -0.6764961734742008
        0.7041193865522356        0.4701199170125783
         0.416264917155488       -0.9062760470622491
       -0.3651938596698024       -0.1626263796253351
        -0.475074877599468       -0.5912116968671716
        0.3968259509755622       -0.6768905936536292
       -0.2463280580396034        0.1520674456755384
       -0.4637087652984965      -0.08031022919266666
       -0.3015766169224701       -0.6565918587825365
      0.002886873558863155       -0.9971378211251801
        0.4762480718301391       -0.6530813189314236
        0.4143127244631267       -0.2755141685852214
       -0.1509678649125535       -0.5148558787923501
        0.6251924323479681       -0.6433667469778588
        0.1118258785145076        0.5766086898914767
        0.2370907989846491        0.7866126547598199
        0.3049910115401077        -0.110513692795574
       -0.9512217977380337       -0.1481997922154904
        -0.334448728840794       -0.7340337415819163
       -0.1883599074610958        0.8848054310163493
       -0.8617891856962261       -0.4988042455663363
       -0.1263514989477094       -0.4038585940943265
       -0.1091148503254558        0.1041393699104205
        0.6396554513855726        0.1460425919143188
        -0.232136232256675       -0.5513941192212911
       0.07132457726722916        0.6957571714236174
        0.5123357762534647         0.400080227352246
        0.2349101498036593       -0.4716664690567983
        0.3323392140258877        0.4798049709808429
       -0.4612534656792681        0.2375686240902058
        0.0487133657174933        0.4007205276405887
        0.3615359770011905      -0.05031143416127362
        0.2304071592694063        -0.589182415512407
       -0.1555596319772495         0.447190365242093
       -0.7146770192586066       -0.2339020742095863
      -0.05433468224480886       -0.9048684137982268
        0.3669384743107522       0.05404098705072993
        0.5701708713056599        0.1786850952000344
       -0.1763053858643145        0.6248051980885713
         0.539582048240259        0.1195651205835243
        0.2366887771265598       -0.5626603398517148
        0.4069120182976989        0.1044604647449231
       -0.3655942198832656        0.3670613881414409
        0.7105355003698661       -0.2206594748411261
       -0.3298374576299756       -0.3393061827599554
        0.4233978154894438       -0.5027747499655751
       -0.4975816939739927        0.3481658084054632
       -0.4308215731780594        0.6364006331736832
       -0.7658398696815809     -0.002887825802435869
       -0.2903852252339667        0.1179939889797485
       -0.4239539001056579       -0.5352924447291965
       -0.2851144636374623      -0.06814826527148429
       -0.3429920262610804        0.8957644299986393
        0.6541795168356265        0.7281942784670519
        0.3988155293163446       -0.8692110197656921
        0.2233553683606673       -0.9221556104030272
       -0.6815143813696791       0.02779523268338008
       -0.7445635404248989       -0.6134573392882247
       -0.8220241165157874        0.1458773858936085
        0.2496814099837653       -0.2493084161081691
       -0.3937514519406848        0.6250060753673914
        0.1721268913329027        0.1308872247212225
       -0.6580291394508642       -0.1886843770400488
        0.1615097662137746       -0.2420731429121628
        0.7639233795257151         0.583097075966758
       -0.6233608001903447       -0.6006500798806467
        0.1473058768967676        0.9129916066366709
        0.5376790732155675         0.121042406370514
         0.829743613878268      -0.06412254596760618
       -0.4476081993919629       -0.3837602830743602
        0.9680305666941367        -0.104282391702703
        0.0719154239751596       -0.5543910139056369
       -0.1960808487929967       -0.8632260951226309
        0.1748665539430914        -0.691809281552879
       -0.8275953408830334       -0.3402171445954851
        -0.031261420168113        0.4501808805032204
       -0.6620861538142269        0.4936723409887658
      -0.09519066501445372       -0.4259973454892058
        0.4483634611971414       -0.4584368942833664
        0.1077470355360967        0.4545824241372367
       -0.2762185730997396       -0.2402044275693691
        -0.962089567672157        0.2170481863013228
        0.8205000533595698        0.5037801525657631
     -0.006294647304157843      -0.05316347432039462
      -0.09485292267868463       -0.8551007907384944
       -0.9348841979458666       -0.3041937776519752
        0.8498349890205694       -0.3301495693623623
        0.1315818406267373        0.8734246018157175
        0.2699855836623334       -0.2112302564298867
        0.4232647021718831       -0.6209907956631494
        0.7870166214834984       -0.5083717479314873
        0.2270591974023877        0.7850832852499026
        0.8108666188466213        -0.371143410366423
       -0.1629273970620171         0.808484515549558
       -0.8022663185491704       -0.2220225264180672
        0.7039109344189499       0.04492769247278705
       0.06073463464012555        0.5751648201361927
       -0.4516609039081614        0.2992445849480546
        0.5100983153980172       -0.1439475945118074
       -0.2981110719139502        0.8904746456871977
        0.5388327898850487        0.3596763744857184
        0.7715782401881002        0.2006787479667062
        0.4185575916322943       -0.4135117109277147
       -0.7555213897651292       -0.2491684683632041
        0.1001203769160705       -0.4013591856411842
        0.8140351534897632       0.04254158310521174
       -0.2915384745072834        0.8236371858838364
        0.6802861371059163       -0.4087919912624368
       -0.5184025418065272           0.4799867369015
         0.614892284190748       -0.7151405801413113
       -0.1634554518116236       -0.6649210619157307
        0.7296300956214077       -0.0506700411211857
        0.7384584203612247        0.5472006019812312
       -0.2776902850058186        0.1092243984569277
       -0.5778049146909937       -0.3902557566145026
       -0.2985743405012031        0.9273453647338737
        0.8934106189969575        0.2413818226861564
       -0.9451904094854385       -0.2438790645014301
        0.1467968332754439       -0.3133629356006034
       -0.7289843277120824        0.6537817387438348
        -0.315653797865063        -0.669360935901617
        0.6709853995794058        -0.286501549337624
       -0.3223348699262904       -0.6936091020031725
       -0.8626027823223541        -0.314553782801195
        0.2194261572626722        0.6448863949586523
        0.1914744801133191       -0.1495811288811381
       -0.2918802380179497       -0.3332647787555005
        0.1753923179019669        0.6635073022012362
       -0.4133953212284034       -0.6611932191923865
        0.4319297186246828        0.5804529678450737
       0.03948341958292204       -0.2325838099724637
      -0.09361947849339204        0.7223030263834398
        0.4417505151358356       -0.6655707427229008
      -0.04511568419598345        0.4287548897190083
       -0.4015326574598115       -0.2808713355189948
        0.1339786965715305       -0.3209277678396211
       -0.3760658777317933        0.7068435388061669
        0.1470323650068298       -0.4591492741342581
       -0.1035295413491603       -0.1250073375842675
        0.5538196263895651        0.1356046209794804
         0.424378298858902       0.05668371835656855
        -0.832746479733812      -0.05149379902372635
        0.3027165506554469        0.9383119117170856
        0.2715958210677761       -0.5910583795740818
       -0.1910846453369395       -0.8226016615286761
        0.4010291956244221       -0.3926644285381047
        0.9918917467078753      -0.05047900742723102
        0.5121324942900599      -0.07202309781952629
       -0.7218258124320656       -0.5618970919016953
        0.4869118326054066        0.8217497632447155
       -0.6892760792667548         -0.10938511988818
        0.1599645314593827        0.3334081862236112
        0.8713530633667546         0.453223735323505
       -0.4320826688849991       -0.2774213017960748
       -0.6737303246595301         0.283661428713636
       -0.6706034868777054        0.6996456121777909
       -0.5757955201950369       0.03149497254795679
        -0.654552667017943       -0.2374793941790888
        0.3081057928487714       -0.6757471637618568
       -0.1777061345284791        0.8731966110905781
       -0.2132832309825976       -0.2544329778554639
        0.3287858735193598       0.01637445503356882
         0.867013938896365       0.08184360600954811
       -0.4264650278270538        0.7087574613152869
       -0.8719885520854261       -0.2066036501486817
        -0.155942076460877        0.1073300216083026
      -0.08628845650266381         0.563326276018525
       -0.1343295600008807        0.9540205860570435
        0.3845210092547418       0.05619190231565363
      -0.02864413249679112       0.08491512970372594
      0.001673387622386127        0.3858370903780071
        0.4287814218203783       -0.6146602161924254
        0.4065720224729068        0.0162972701501623
         0.227036327876568       0.03830135494243914
      -0.04694005913030131       -0.6858907409101155
        0.4787953942451615       -0.4129125742018644
        0.2074172389150972        0.2220688207804562
        0.5379593672201917       -0.1127637944459126
       -0.1183451389599164        0.1247626400893122
        0.2887957716294321       0.03625797359043968
        0.2759815188305019       -0.0144496421438394
       -0.6146469849305569       -0.3440460356709812
       -0.7196235714269096        0.1296937486270454
       -0.2268399502283705        0.1698793378580202
        0.2948656538734813        0.6611085468338971
        0.1911144801932079      -0.04935029436983499
        0.1649632734007502        0.1095467539692687
       -0.0678521989625383        0.5992075067583053
        0.8330327291293759         0.496590684220093
        0.7016142944797464        0.3860851492038227
       -0.8186582256298637         0.129235493117192
        0.5373453440916983        0.3389769126566757
       -0.3489842023623998        0.8554595782326146
        0.2309488487922121      -0.04663240479179731
       -0.8771892947785505         0.308510853749817
        0.6676429645454725       -0.2936724831249951
        0.6776757245764337       -0.7004367486148277
       -0.6872683672486297       -0.5770636633309539
         0.290583089364243        0.6099254692700179
      -0.07218316407894093        0.7351804970540498
       -0.4479397278451494       -0.2404441477099173
        0.4096176202220337       -0.4232496616687687
       0.01146352385833533        0.6478055294594379
        0.4608189211442639        0.2295586499521616
       -0.2956613564736975        0.3199385763259245
        0.2630588315620912        0.4648639047623149
      0.008071543698619803        0.8283541395660873
       0.04475381038086762       -0.1040267391012018
        0.1315728470712477        0.8132044315609702
        0.6283569676175712        0.2685773706319515
        0.9285937242344874       0.03955156746307619
        0.5151218391670868        0.7404188773724166
       -0.2375396360510228        0.2617295268989203
        0.2935796077657869        0.7142588116700637
       -0.5456202736446606        0.7916590581688535
      -0.06649850060578047       -0.1867134947386421
        0.6909132011576469       -0.2334115931566162
        0.2537538200132146        -0.026461362117052
       -0.1757544484190136        0.5353153486743626
      -0.01642653562130969       -0.4825772681870384
        0.4465990183154951        0.6569106325692651
       -0.1402233141117969       -0.2946508499208912
        0.4210083320171796        0.1552837730920463
        0.1049820817313975        0.3847140026208761
       -0.8698037974632644       -0.3686772379637707
       -0.4801823268859197       -0.3815033574039006
       -0.7483172498181387        0.4532459496907903
        0.7226507124429492        0.3243901663343967
       -0.7508741444871535       -0.0868628947716597
       -0.3552505811013847        0.5333931022146248
        0.3784049381023696       -0.1032992282637173
        0.6753872344331781        0.6718779667767398
         0.345585053202117       -0.6703038526014612
       -0.5466579971157506        0.4363668739744839
        0.3786609249183734        0.5595965494678109
      -0.02773041260079432       -0.9342161489235483
        0.7038555008318134        0.5647859207375817
        0.3345576589242542       -0.8772103129891734
       -0.2478489141447248       -0.2355119123147786
      -0.07684699496322057       -0.4235838205831988
       -0.8611318127630087       -0.2829953243322439
       -0.2321771863496775        0.3939791989831035
         0.223687654231677      -0.01020502388866673
       -0.2402733136359318        0.5278712928547462
       -0.7352281123079006        0.1146943642345564
     -0.003401776482077597       -0.2662144382972623
       -0.4172010083232177       -0.5291957368801027
        0.8611381500892757        0.4710711730977651
      -0.05595028840310191      0.007671591012633461
        0.6898104691351288       -0.2489523173105851
        0.4472601597078257      -0.07351874557314665
       -0.1872468701992195       0.08896538391755843
      -0.01317822658382817        0.8029962137624663
       -0.8188988274103983        0.2719799644815315
        -0.638890952456214       -0.1951411586152376
       -0.0129066463488142       -0.2442956574897149
          0.64360431854873        0.1836317809122591
       -0.2301143275167976       -0.5777646902944505
       -0.1028399609748089         0.322648041428731
       -0.3367657103417335       -0.8618741859659597
       -0.7145724951051934       -0.5683610245870334
        0.6941456654302264        0.2712764128948477
       -0.9412186376569455       0.03964821202695197
         0.431705440788099       -0.2169730488100481
        0.2924700497540221       -0.7031891573543283
       -0.1589959949443395        0.8858254278509221
        0.1436525497108797       -0.7306291124758172
       -0.5570778929374536       0.03068447947692792
       -0.5771520350923687        0.5955389374037292
         0.816931098118879        0.2815346830411123
       -0.7238564085558301        -0.358866645167174
       -0.5200271941250112      -0.05242840580264956
        0.1470292601356864       -0.1955059028316254
       -0.4815066123215381       0.04137116052456534
        0.6312690825480473       0.03529441310905024
        0.2095348456046197       -0.5364407502649302
        0.8967477417942905      -0.01448230107391446
       -0.5150318690259551       -0.4524097698423841
        0.5541251502672349        0.1556143591528296
        0.8041138750270055        0.3610120976860652
        0.2588859973878853       -0.5130348815378641
       0.02998807045891368        0.9565233781445286
        0.4932596713995037       -0.7811373106828489
       -0.6924522866459377        0.1876783138355287
         0.429830697575692       -0.3577350465274845
       -0.5153192115817361        0.2814442972116158
      -0.06730757901360294       -0.3521866794396041
        0.5219172268831505         0.736595560815908
       -0.1080206751498553      -0.03143536102939825
        0.1803304559185699       -0.2577774409272842
        0.1959649385560178        0.7766852582921395
       -0.4858179880890638       -0.8445813639346373
       -0.4567377060204029        0.4650776378222947
        0.5059064345414371        0.2101878853903708
       -0.2990080917485316        0.4340655557072208
       -0.4836628234093109        0.7681828359537785
       0.04975959008242183        -0.866151823820598
        0.2840804471972214         0.769428209196387
       -0.5703455284771155       -0.6828086622611387
        0.2855015746128495       -0.9226951522057615
        0.2976953978871887        0.3531430217066737
       -0.6590226069753771        0.4443516544646678
       -0.3829524516845852        0.7696632755578718
       0.08984736530391053        0.1421526755830914
        0.2481786900019169       -0.1849179944563923
        0.9513919969421765       0.01775201412476389
        0.8785613495529127        0.1664339249119592
       -0.8033812342655816       -0.2576721640358219
        0.1003688823428622        0.2857123625532011
       -0.4116062289464099      -0.07954969491884414
       -0.1912600309312344        0.3041981889157338
        0.3612636409029245        0.2374101487078329
       -0.1985205176002588        0.6449810722046503
       0.06047294953481766       -0.1444136011377054
       -0.7445068219264455        0.6069647936041785
        0.1581544233633221        0.8160576527229479
      0.006248830118441142        0.4704406526440961
       -0.8856055127297361        0.1492804842885489
        0.3985790782307796        0.8583540420303075
       -0.3650363727091921      -0.04965402273178143
       -0.2756338471859799       -0.4459067787559086
        0.6424779849101675       -0.4841293593046134
       -0.5832007591541026      -0.01544863333376091
        0.2877568950825904        0.6630804933934582
       -0.4682938156364458      -0.08218748601585583
        0.1836107466573725        0.9365699413504556
       -0.8669267875407806        0.0368870752117909
       -0.4259886759254473        0.5424540428312863
       -0.6792071053943156       -0.5856163524245931
       0.02555306795877291       -0.9941560690397239
        0.5528257863047671         0.434056185393853
       -0.9150881210108575        0.1227371513865172
       -0.4013859022104619        0.2454881311233875
       -0.4874790711869627       -0.4353478207748223
        0.1629216645495782       -0.9429179262550442
        0.6529205322708026       -0.3720498726183076
       -0.5395037490881056        0.1410842417582653
     -0.002819677392072117        0.7666727615444823
        0.4957415741902926       -0.5801994414544898
        0.5621213075335204        0.2462317932310768
       -0.2199305717436578       -0.1168707130186807
        0.5665204314165936       -0.5591522667641728
       -0.2863099146280443        0.3488196388749148
        0.8118707462305611       -0.4584894889469203
        0.1196741623016552        0.9096398686291931
      -0.01809278239221866       -0.2637896759601615
         0.300660826821175        0.7951139804491475
       -0.1185351704658313       -0.4575807079370216
        0.9157261046882689        0.3191072487861988
       -0.1018756810168488       -0.6111031317693822
         0.455046900255064       -0.1881518609777352
        0.5580429876270512       -0.7609141992858289
        0.4442093686529714        0.8135301277528327
        0.5068569757722727        0.6129892971616231
        0.2510496904022601      -0.03752957015916091
       -0.4238309587721906       -0.3804752496631321
       -0.5814390251013346        0.4737910656099363
       -0.3010862234817913        0.0222605880004694
       -0.6255234127092125       0.09857559134442866
        0.7340736580202017        0.1418386057594206
       -0.4689733661123175       -0.2802457627478641
       -0.2688242291193497        0.4821378628093038
        0.8757249870063206        0.1945655091406328
        0.4834754694937066       -0.4508685093877622
      -0.09514321934841465        0.7427044987363473
        0.3786136680654967       -0.4216789856231182
        0.5904007459904618        0.2594192595801716
       -0.2982234915439539        0.5750839883215492
       -0.6658598471623191       -0.5552563275235192
       -0.2505861898032701       -0.2032071514491487
        0.7919783668346018      -0.02765642997463175
       -0.2455872719335108        0.6601003645620642
       0.07232676174384181         0.405995978198768
        0.5320117957956997        0.0871426958215429
        -0.178051416886665       -0.5072680958365661
       -0.2261481629156702        0.4042079063097328
       -0.1307855479838592        0.8466108104496207
        0.4827191725583661       -0.4345643579609831
        0.4676988271638897       0.05059030631042183
      -0.06701695541255626       -0.1126803731289613
        0.1952464146617137       -0.8024551645715493
        0.6494507875015129        0.4332307012099304
       0.02484612437692403        0.6491764811829427
       0.06046167717153256      -0.03985670970260986
       -0.1904749566062793       -0.7614930182249342
       -0.2994198083522132       -0.7503595373948569
       -0.5098802494105397        0.8137996882635545
        -0.285607059515319        0.4394786142922211
      -0.06108564020930463        0.8912624934876434
        0.4735163420789871       0.03746927040226071
        0.4128701904711891        0.3233663945789314
      -0.02013091326937561        0.7708016458693876
       -0.1612044512679983        0.8352811236479233
       -0.2504708539278529        0.4915633864474288
      -0.06470159036859205        0.1833849138506353
        0.4890187293378063        0.3261411747174021
        0.1013747727560533         0.245195993008214
        0.3183493516313076       -0.4278810346671677
       -0.4423868538690848        0.3137704657966164
        0.3625094937496841       -0.8497557567085114
        0.1748468156513757         0.404420058959497
        -0.213614259999702        -0.621299550689161
       -0.1561405152257341        0.5510516604250818
      -0.00250481871276698        0.8418624146191567
       -0.3700297302440885        0.8714041555179719
        -0.541768292058486      0.007536145431283479
      -0.09071058656461116        0.9123237847751816
       -0.5179806742176192        -0.634388305060772
       -0.7823666209954376       -0.5320080439325435
         -0.43813156898833       -0.5133719444579623
       0.08647875354618326       -0.7165607108614627
       -0.5399864539581816        0.1763068252573942
        0.5470771704855669        0.2406128120471498
       0.02956721865006707       -0.7506009039224271
        0.1855634780457059      -0.09197998852862267
        0.5376573959920941      -0.05541112241802926
        0.2983454918601936       -0.9465665554438902
        -0.357225594994475        0.2432876084092132
        0.5050684829433627        0.4820417692300052
        0.5441785970329434            0.763203258288
        0.1022711713407401      -0.03632842209732515
       -0.4728961337350734        0.3067356590873012
        0.7453938797629447       -0.1270032739453201
       -0.4034447401646435        0.2312628608611737
       -0.6951116578403607        0.5846999482435556
       -0.1385108748479839       -0.3265339202009834
          0.80451277067557        0.1204904018491414
       -0.9490142889431087       0.05846960842559723
       -0.6151642682643819         0.484636893936839
        0.4016460532496633         0.178775159512676
        0.3122921627028765        0.3376566187690312
        -0.466587870577637       -0.2117843633691466
      -0.06126574716592039       -0.2630114973372851
       -0.6138592767005406        0.7647796474356711
       -0.1998770628543951        0.5373413058203241
       -0.3939925869366208        0.4903189626818963
        0.1743178801905164       -0.5081048576578342
       -0.6509956209534923       -0.6263714001474432
        0.6254025294192112         0.678555401165863
        0.7506067690410377        0.2480119414278683
      -0.06535501398620951         0.676252142501396
       -0.5229988517519185      0.009625811098323927
        0.1873127405870093        0.7411581751963403
        0.1288998194119179        0.5122016121154875
        0.2797477014984868       -0.4801845463238991
        0.6303177387406296       -0.2087722618444998
        0.7682427599770548       -0.2681632453986345
       -0.3114312937966878        0.3420936690046441
        0.2684939124025945       -0.4589035751149752
      -0.07761745487354117        0.7754368819973083
       0.07296397038670341       -0.7996623153224905
       -0.9649353814905103       -0.2256482598435693
       -0.6927109126881458        0.4727110942871464
        -0.774978015893827        0.4386399867643689
        0.4247534172102932        0.5589261560557636
        0.5659383998499868       -0.4505345126658901
        0.1843367044917147        0.1903883845408683
       -0.3846909409328463        0.9162995473081538
       -0.3901845077794611       -0.2757645241862418
        0.5446167025468939        0.2535149140185193
        0.1555013898258818       -0.1981545832030818
       -0.4307735269511123        0.5435074809383421
        0.3822760850553296       -0.3327123536269884
       0.06253038425921373       -0.9899707967911084
       -0.8734001573425662        0.1718601986237585
        0.2805442643094424        0.6359905378290784
        0.1691019840736809       -0.8631023519353547
       0.03263646312359871        0.3110347258921626
       -0.6975188049846069       -0.2401773497110606
        0.5595014726277191        0.5109268791296914
         0.422172674861945       -0.9039467322189304
        0.3391656408924639        0.5385626167385373
         0.643520916161021        0.5139501563477012
      -0.06424769372913651        0.1960016748378736
       -0.5991839064121735        0.4756985381058195
        0.2931524005508114       -0.1552649633570873
         0.743973152182719        -0.122187499800791
       -0.5243208755879644       -0.7088951452601384
       -0.4653450086082105        0.5573921596097552
        -0.905799879557007       -0.2142797434334565
       -0.8272178088383374       -0.3221176229883682
       0.01117154706543295        0.1580785811896724
         0.827647365682444        0.4443122203384283
      -0.06347789092570814        0.4629921877284575
        0.6967696136039573       0.05835082566714407
        0.8893003676733273       -0.4158552280891797
        0.5474975991908504        0.5510823566226976
       -0.6391412783494789        0.7096539795756251
      -0.08713496608933853       -0.1549582483157084
      0.004018643837331947        0.5250145958308173
       -0.9173687990771781      -0.07194287728689225
        0.8900515739558383        0.3410863329948837
       -0.5731262577808774       -0.4914568178343819
      0.002896810957832742       -0.1811023928501025
      -0.03283798024730086        0.1927900671232448
       0.01803022275505781        0.3837019212111188
       -0.7445361255414898       0.06472084861829598
       -0.6072304834995156       -0.5772575845766836
        0.7587981171826503      -0.01288675621111555
        0.4482888729798336       -0.6640455954441082
        0.2727482870217596        0.3196408665830943
        0.9056703993316427        -0.210594555449329
        0.1497002094719519       -0.2278639603825478
        0.8511694139383603       -0.2572896912946078
        0.7442757548091494       -0.4593994001832736
       -0.7213174722160259        0.3737725002144239
        0.7076288927823519       -0.4180370374272804
        0.1906842060427427      -0.02262909729343325
       -0.6361209943095064       -0.5855664232889479
         0.227287045273653        0.2234495218564648
       -0.8728906693090607        0.4163750755167137
        0.1069221602493348       -0.3343713718151469
       -0.1150906211605799       -0.6037403138026535
        0.4445092056002051       -0.8259774474233376
        0.8838314362674434        0.3417336198870606
       -0.1529155944282162       -0.5273442999894417
       -0.2386569420759022        0.7908911419881868
        0.1491191453686157         -0.65905909472109
        0.3325944429113744        0.2305119696370714
        0.3439940803670953       -0.5898759393565514
        0.3672631587386919        0.7298385932153835
        0.3593333701040533       0.09123908244224439
        0.3329319050831638        0.8776374311806742
        0.4113725599158246        -0.639887484667282
       0.04675620250249905       -0.7045801695499567
      -0.02646730948203392        0.6067032497245429
        0.6686866590004519       -0.1951391448237456
       -0.3513504346045775        -0.217856059631339
        0.2332821347332408        0.6839800791373595
        0.7714745938082168        -0.394439869297803
        -0.148275016357344        0.2750979427850172
        0.7840904857823051       0.07663761760454686
        0.2387417095867985       -0.4816084095667463
        0.4156478183351164       -0.1576642434514375
        0.3176952335930391       -0.9207942565414794
        0.5673878913233174         0.302012622041906
        0.8209831990771493        0.1881783927634211
        0.3743581405638377        0.4168250005237661
       -0.1677351835377012        0.4916215950265529
       -0.7001328052400805        0.5938488972162774
        0.5613576545982649        0.5184284343114468
       -0.3870523560906906       0.03239325537769311
        0.9358258168798785        0.2156849942873391
       -0.1288654272766682       -0.6573718511376948
        0.9631206070530214      -0.06312463182643419
       0.07902395034674452       -0.3079829697941313
        0.6919798818452365       -0.5805253285262457
       -0.7460448942664866        0.2413367550330779
       -0.1828369464395385        0.9565444188634953
       0.01404374345272263       0.09423178030248891
        0.7142147169638017       -0.4012993388038315
        0.7615759657524134        0.1602040698856881
      0.003852557462838629        0.9500115395314325
        0.5591806973273926        0.5825646754817512
       -0.3596522386446763        0.5819526615446677
        0.2814863478020952       -0.1739863034339111
       -0.8793521361300101       0.01700667107018661
        0.4520010938370672        0.5144459389824999
       -0.4784166845993678        0.1542411842518673
        0.3678774362343268       0.07373626708048509
       -0.4392979044949116       -0.1257411385974738
        0.3913492753125128        0.1406941298624759
       0.01580880859451215        0.3891775501835152
      -0.08942870106534963        0.4752916137542037
       0.07980425006242726       -0.5975954060866888
        -0.273746366043789        0.6234515344957384
        0.1952605106184646       -0.4869881756843262
        0.5842483969068224       -0.4503001184579107
       -0.4952693119143851       -0.4672270743239575
        0.4092450138820878        0.8998213691844545
        0.6093234737628258        0.2612431331583531
      -0.04553774432547524       -0.3799120768022271
       -0.3120778146043585       -0.9343427280172729
        0.7872393255525496       -0.1344159283137492
      -0.03437569672948562        0.1901996938407919
        0.1219701742511713       -0.9638879769374435
       -0.4900194274065532       -0.2184607730177177
       -0.8182955412355816       -0.2577483416374273
        0.3184885332115591       -0.3857991597849378
       0.03551791606459712       -0.4888949183709821
        0.9155465748474625        0.2837532178574698
        0.1170648803105595        0.5065796308143418
       -0.2312042584702933        0.6367192189357951
        0.7045979096974279       -0.2853894947740363
       -0.8663722308281253       -0.4724669618040981
        0.2301865327442492       -0.9395510048944825
        0.2895936402108374       -0.2878576168554577
         0.586500034776439        0.3953353380759025
      -0.02066320861164175        0.3696096791434337
        0.1921871632745161        0.2481650935393097
        -0.626865186490122         0.150700727181157
      -0.06928475878248756       0.08684621043523338
        0.1756183835578449       -0.1429963088719795
        0.6518657158278299       0.03620799998902592
       -0.7776484063552782       -0.3928444884785313
        0.1093674330204655       0.08175161523362975
       -0.2539815227157737        0.9085623392985451
        0.3368325123449742        -0.316768282255766
        0.5715518654230597        0.3203260052433834
      -0.01211539490999308        0.1552864020890608
        0.7947877575430391     -0.001892194758434976
       -0.2570167967728666       -0.8833155649995275
        0.6324625677079574        0.6654487127176398
        0.1970038455113284        0.5352152177774721
       -0.4980451997240332        0.2842264823959167
       -0.2997647032460566         0.626517752516053
        0.2613141752197866       -0.0105496256557507
        0.7489081358913806        0.4121426703162967
       0.02704388780215441       -0.9201242811479124
      -0.05794744371190325        0.8893472201299837
         0.792316871955617       -0.4720014512445998
      -0.03002030519706212        0.4144386260428123
        0.5119185333645567        0.6065376233407036
        0.3690374538908182       -0.3908715725847872
        0.3860891220755272        -0.897487888637609
        0.7523810309219175      -0.06044289791251155
       -0.1427918564924489       -0.3903388725715106
        0.3662426138303948      -0.08008622619926722
        -0.587070668635194       -0.3177286586542438
       -0.2576244803865766        0.9544199690838806
        0.5553698096101972       -0.6123589549976119
       -0.0131726264590095       -0.4632880238998584
       -0.3513771129496195       -0.5976214331311901
        0.2952567326178083        0.6033839639316027
        0.7869799578549044       -0.4436777262342944
        0.8423743561913916        0.4325373110548448
       -0.1816087868521899       -0.7572267881615087
        0.4367055604231428       -0.3585084278532479
       -0.3245011742653078       -0.2680233463551643
        0.5771542091265787       -0.8057106484027537
       -0.3259228176176777       -0.6740830009082179
       0.03320270449539601        0.8370525117585548
        -0.314608942368736       -0.4360105247495279
        0.3055445001497583       -0.8504960197988588
        0.6015405983616856        0.4676284906702188
       0.05901471664485639        0.2204416324797228
        0.2924376749921001        0.7830648769782251
        0.1117142456100613      -0.07594026304790252
        0.2799268478467856       -0.8234828069826576
       -0.2559188554692413        0.4895193939385526
       -0.4935270192665076        0.1024005114079314
        0.1386603767881726        0.9832186837266045
       -0.9505697412315766      -0.04246060378127967
        0.2685551458973848        0.5696783376001683
       -0.7157874368424862      0.003207822174000648
        0.5144974754387345        -0.127280785527036
       -0.8794007790570798       -0.2420030282300008
        0.1990754985095455        0.8681565089846534
        0.1383198765037829        0.7788936516735182
       -0.5600825149338817        0.4412781412434915
        0.2817905483187743        0.8622391144287584
        0.5545115336395338       -0.6776086302483407
       -0.2707860655097935        0.6080569555749453
        0.5510837168676439       0.05130326196213463
        0.5839309168245188       -0.3293097639201041
        0.2603549259184932        0.3282774214098704
       -0.6768662385972232       -0.7045399887422061
        0.8883396225113942        0.1300395301130385
        0.2467018387297486        0.7663294756484679
       -0.7924743237247277        0.1187468340368923
        0.6475968286269355       -0.3655004734201847
       -0.5597541754622296       -0.3985162984950961
       -0.4805353521917278       -0.3730681390102921
        0.4343561082304677        0.1539658446290428
        0.1144669832738822        0.4498283780185295
        0.5962420016549703       -0.6058604159576471
        0.3435688567981738        0.4893505103658102
        0.3417627276572083       -0.1879335499004921
       -0.8112818336099289       -0.2528699557472921
        0.0388648407639729        0.1583685537483364
       -0.4587786651296519        0.1907995018876317
         0.204347709975171        -0.022006344935466
       -0.7822084117643733       -0.2425087768402658
       -0.7245078771012308      -0.07201987579867197
       -0.1261966740558121        0.8594010660485121
        0.6525645771310022       -0.1197741294621349
       -0.2746019388653051        0.6530413351547395
        0.5373329604989924        0.6337889152625154
        0.4216912791402995        0.7507178384941948
        0.2334881692232014       -0.3594543239417518
        0.7466726405771249        0.6499795274293474
        0.5461968160161894       -0.6860822211672946
       0.07802457727220417        0.8784276025329418
       -0.2594988863892088        0.5064607081689423
       0.02642067336781284        -0.486964225803442
       -0.7898857264482969      -0.07825037826129311
       -0.6168287135054843        0.4825935542797019
        0.4096141604429017       0.02010210052822421
       0.04557619298146556        0.1126061184357756
       -0.1396230154261974       -0.4040068721758382
        0.6958965283369782       -0.3818307296306163
       -0.4763345955782654      -0.08213235685315029
        0.2372370191237766      -0.03837213760449561
        0.1326011347384008       -0.1433441931634186
        0.3677907791978864     -0.005619175550910062
        -0.275096878352663        0.7884763955214292
        0.5887816529191561       -0.5741937414481126
       -0.4505880996098031       -0.3062518176824234
        0.5442973315569667        0.5234168091526394
       0.03962012339020773       -0.2292328684482543
       -0.7825896787345659       -0.5547197286983235
       -0.1423964167360832       -0.8355427087524349
      -0.03771875046619479       -0.2060901423425615
       -0.7136251578690732        0.4170903337305668
        0.9396714309392503       0.09406877588663888
          0.11468463241741       -0.4532108914604158
        0.4356322816209858       -0.4474300822243856
       -0.5296479770523664     -0.009065691911039045
        0.3421739205337729        0.4408884713063761
        0.1996358517475648        0.1366996944875961
        -0.827645428496915       -0.4711909696064224
        0.7782245960616124       -0.1542396025119903
        0.5122637136463226        0.5132800383900846
       -0.2480251121527724        0.7949833971244188
       -0.2433063963003377       -0.6547064862334314
        0.7128349286203541       -0.2539430924939146
        0.2367220612496249        0.9056572493300999
       -0.5780673112707762        0.5996125921652199
       -0.7690857551335314       -0.4141270916106389
       -0.8015811829555998       -0.5947418093049835
        0.4094176097256971        -0.354446386496689
        0.3360535208313669       -0.7813630055628592
       0.01128630497242835       0.08460422721026202
       -0.2927997737534116       0.02528392935498011
       -0.4984640081495416        0.4636190716066237
       0.09927800216387407       -0.7224767739981647
       -0.0891720451709194       -0.7153513747240868
       -0.6964891588785296       -0.2905204415893206
       -0.6099244158918222       -0.7105797982454631
       -0.4199060754882998       -0.7311088113023271
      -0.05340832662099603       -0.4280146007611265
        0.5756755374339245       -0.6645473544348308
         -0.45113577078456       -0.4565778704554603
        0.7718974081793931       -0.3025798008828764
       -0.9649237769215732       -0.1822954428319929
        0.2464674399580248       -0.3503393028377088
       -0.8587926707478893        0.2206489376959308
        0.4567555879178706       -0.2116583615161356
        0.8085423142628906        -0.249385965618798
       -0.5157762196893849       0.07755565352328136
       -0.7049195357880917        0.4718223282813068
        0.4135027239157783       -0.8471632562140278
       -0.5497114274171379       -0.8150097559191023
       -0.4812589809808472       -0.1350385822476216
      -0.08200792256475591        0.6500599205706611
       0.04930250221210986        0.5997792346442889
       -0.7737475864656415        0.1206856980213934
      -0.09716786877355683       -0.1139896758502731
      -0.05797888158825958        0.5649237135849988
       -0.4138273053491357       0.03276197380875491
        -0.171499577366396       -0.3566021029112036
       -0.6842481283508962       -0.7063929069788323
       -0.8998832964615664       -0.1962447492636287
       0.01708546485678695        0.5680732726543053
        0.5728098064234488        0.3292439967009087
        0.3214523466284194       0.05275402242486955
        -0.506610805052005      -0.01283541821047036
       0.06226772962041909        0.3442752587350385
        0.8506161058215846       -0.4538560464002079
       -0.7180053354936553      -0.05001188972798255
       -0.5836331192725848       -0.2274178929548999
        0.2327831975149054       -0.8506243762669825
       -0.5198308851300705       -0.2610385624270896
        0.1776958088118532       -0.7933408392138608
       -0.2266831288454885       -0.8745152065327694
        0.5496760161367142       -0.6345667655006422
       -0.5186725230412907      -0.08405912478511669
       -0.2008526147101992        -0.808212881964615
       -0.3302946941298922        0.0814052486489982
        0.3773298379471511        0.4220363138335679
       -0.6470884291700504       -0.1740760004909059
        0.4808905927233266       -0.7448307445231753
       -0.6485115087398091       -0.2667932441463472
       -0.1674066148488185       -0.9484535999442368
        0.8222448524297251       -0.3737443371203112
        0.6277095850451445       -0.2204836612079314
       -0.4024196241317426        0.3889023522643221
        0.8914971527126444      -0.09979635364317849
       -0.5143174494884232        0.4881243560925633
       -0.2302664287097805        0.5689907554272845
       -0.3940587738628379       0.02231928485516098
       -0.5129513733102984        0.3032421139203929
      -0.08458766289733639        0.9396878547362648
       -0.1931769667683561        -0.375119169039115
       -0.1225041069354887        -0.258906539980033
        0.3489790366886532       -0.8908986261262762
        0.6566989549404423        0.2120523601603317
       0.06803393547174053        0.9321963808354555
       -0.3479874186774726        0.7695628395838516
       0.08350526321539493        0.5755449229260078
       0.02699456364329797       -0.7814896672872459
      -0.04732223270797083       -0.7234420406159859
       -0.6081091273339662        0.0220909422611166
       -0.6172034003893146       -0.6027765445036121
       -0.4242534942265766        0.4967786561559096
         0.523998067008732       -0.4580505700917201
       -0.3931110820252857       0.05927830747667604
        0.5767252083632393        0.2108036421229779
       -0.6234758542342634       -0.5131911992991206
        0.7847933738652724       -0.1819354020195615
        0.3408152269839894       -0.4338843908673649
       -0.5879633454027201       -0.7858010968184639
       -0.8623356368395324       0.04057050925388953
       -0.5414407249119919        0.6824663642869423
        0.2789579608722395        0.4916873881961293
        0.4438345478412468        0.7799074000273053
       -0.8449649889427605        0.4604240610913248
       -0.2405249357944974       -0.3078519119092794
        -0.602017050515663        0.3102997484112254
      -0.01571431045877914        0.5218632628877193
        0.5355356619741172      0.008667067853229177
       0.07706719930840919        0.6836418538617658
       -0.2942667537953558       -0.1681439714447692
        0.4483454896802445        0.8196574536219922
        -0.247554745076755      -0.04994874181040941
         0.572297652397121       0.03863988888903375
       0.06522259814918496      -0.04383961268124423
       -0.7811252520107266       -0.5209709401635529
        0.3519576995474555        0.4207214453154405
      -0.05595004209868727       -0.1984119214126776
        0.0393135740964155       -0.6246042938791757
       -0.7164755179032619       -0.1139869470799536
        0.5354771058004477       0.03212559652962109
      -0.06936541924021136       -0.1201810117090731
        -0.233743507907858        0.2804887991683052
      -0.05458037661121404       -0.6478484390806922
       -0.8781674568377704       -0.2381342336713383
      -0.03229385103875199       -0.3094402431222999
       -0.1813519223172778      -0.02053015157939322
       -0.2283425089338637       0.02852614530629993
       -0.2562478637691097        0.7920811127050943
      -0.05897754411262628        -0.780915006781044
        0.6073575240178117         0.743142214590502
       0.06954442059546738        0.9104970656780933
        0.0289132118779147       0.07388667710967402
       -0.7200910686068415         0.599280355013702
        -0.936881301982207       -0.3413031541613198
       -0.6781549916488059       -0.1462005962682358
        0.7278156368385688        0.6321068578298584
        0.7961457515692759       -0.5601499421982522
        0.8344558385637434       -0.3000098904116431
       -0.1555731858388751      -0.09381561816713722
