          12.7697665854282         5.989410771275928
         10.62021743520569         7.260286237449149
         10.98259237030268         5.750641134731648
         11.26030861603368         5.539700417464198
          12.4582498213131         5.169509629323596
         12.13383108126754         5.207549028121049
         12.14296233575383         6.563681655232864
         10.31536091549403         5.956689323785945
         10.31274038417672         6.925671871308652
         11.04146839807823         5.155816265107505
         10.61022233077416         7.711901235714511
         11.01042113512369         5.197858642184416
          12.6434597886283         6.145421320631262
         11.92165684913395         5.346791339868457
         10.48642269942354          6.70307108470755
         11.08999447027916          7.07490044430892
          10.4653945638926         7.100894595165313
         10.33145167205784         7.381905708931972
          12.5466250388175         5.778869283583144
         11.27905322289852         5.920073795736542
         11.22982705360501         6.556836137826904
         11.11607291564354         6.626840766548532
         12.44787212775908         5.850700748857855
         11.81104995485056         5.338720018404892
         10.74816331534696         7.652834756311428
         12.57357886366568         5.250870548352686
         12.66193876221218         5.371529399853207
         10.72547522357164         6.715542204772345
         10.41966870056532         7.632901817080027
         10.75420485222388         6.920138579753575
         10.22522186862415         7.333662656926371
         12.23716388693467         5.062638214880703
         11.98335769242587         5.130755175411933
         12.55344175773919         6.161256078259703
         11.06638139137381         5.048671967562064
         11.34422250901711         5.328047581905899
         11.18750315464672         5.737766138917945
         11.55833169655168         5.524398684690572
          11.5618368392626         7.244285696013021
         10.99697736896265         6.315282964086908
         10.92826116965231         7.434071688032718
         12.13497673995296         6.811983240700432
         10.24809683060265         7.865467388784994
         10.76310767004455         5.811925911697906
         11.32984202984168         6.253005685065999
         10.38365856919279         7.489083805593641
         11.19778112810567         5.906039896441724
         10.76430596101078         7.851503061931711
         10.85383672633193         6.979836794981236
         11.06788750244513         6.764718639660968
         11.82832700587616         7.077370423851304
         12.52784571362941         5.589086238682017
         10.68146536512538         6.853024000440786
         11.35011116230666         6.488964026465511
         12.58225892998162         6.162446287177834
          11.0557455987999         7.682312670646912
         11.78335467460917         5.386274429749647
         12.63243525740765         5.494501123788146
         12.48020054725388         6.366714621632984
         11.41435199569444          7.56768626989838
         10.34509939301768         6.025590694701528
         12.95003394620742         5.478067946817669
          11.6318744499307         6.993290243546144
         10.02221285574264          7.41540488981987
         12.33824832493756          5.16978464060506
         12.42205963635018         5.081887821068118
         11.09235540227444         7.407075493378176
         11.06766697288109         5.970380186808314
         12.66668828753729         5.877345643451811
         12.67629118183434         5.171013371178685
         12.77228808662533         5.692990909742027
         11.06723297992753         6.024923105705282
         10.35614744632138         7.105900643003084
         10.99011710614286         6.359844970474354
          11.5393965904203         6.935769902686499
          11.0030320163881         5.104336432447881
          11.1404589464369         6.732652883079561
         11.20229168294272           6.8203097909394
         12.43683816193677         6.047743285091815
         10.73163888779977         6.922636077070206
         11.21182636414821         7.050820516149189
          12.2585595231684         6.172035070921488
         10.97172557025446         7.709755643160989
         12.35009443148121         5.491421350014572
         12.00890284768317         6.948738187466287
         10.30403698766614         6.254075478476863
         11.70556004007292         6.174718534436559
         11.28689345806897         6.580834359757119
         11.78092649136692         7.007547052369629
         11.29161890004757         6.332033908777604
         11.42267711503002         6.858552331600515
         12.67113535872481         5.844904096588949
          11.3051576296768          6.43209861494719
         11.38719731062177         6.524995664517395
          10.6521474543822         6.244967660754062
         10.57207832597394         7.540036439158582
         12.20434515372925         5.278459351046418
         12.10552723166681         6.895687006593204
         10.93943535985373         6.227877924705266
         10.85341306129607         6.580055611470314
         11.17493461393852         5.412430541040211
         10.84809534295706         6.539100588630147
         10.56406268490296         7.054044363441195
         10.95647531795501         5.589279198934189
         10.71648783914863         6.086467585929353
          10.7176286826371         5.756986866119785
         10.25894954230946         7.026876278055269
         10.52296895007956         7.550075477064306
         12.23093733579063         6.938389116243861
         12.80096297195817          5.34727952259022
         10.90484466759595         6.697240368952193
         11.64488925538709          5.09391175608225
         10.30931527248153         7.133448304624253
         11.28671685320384         6.186963143491556
         11.88152349963178         5.966746267456891
         10.08636699834321         6.917258252299752
         12.05817040859233          6.30025201630863
         11.55829719831388         6.226195077455791
         10.98377258778936         5.810909038310207
         10.28941669939447           6.2001279798749
         11.03287517002306         5.006275554137607
          11.7650133101437         6.692022077917091
         11.07538612813892          6.47234094828462
         10.24035413496814         7.745923395053302
         11.02797795197582         5.504555710053711
         12.25117571769877         5.120991416979163
         10.99261184758529         6.787560714451211
          12.4389422347183         5.591233813161437
         11.32943624955654         6.060644795434203
         11.34557580110929         7.040625829523359
         12.41713301550487         6.145375978564442
         11.39055962141364         7.378729242344611
         10.04095285228574         6.950235042171476
         11.51614497023503         5.367912451444278
         10.75081943871242         6.992645764035847
         12.43937411897569         6.070244525805225
         10.48919424997629         7.358356491495266
         11.34589768588162         7.044439337392042
         10.76231965746617         7.788732368901284
         11.51685021125955         6.913644451443698
         10.91488781502082         5.598454921587425
         12.10722391590865           5.0781099889585
         11.03672379322169         6.707797869093826
         11.74035820947637         6.707845984684828
         11.92559309596751         5.166947961155409
         11.98227197842099         7.196674453429076
         10.59892016846062         7.126433268115003
         11.70032385711842         5.817721173102009
         10.39723024074043         5.980643450619168
         10.08601607653393          6.26413160404147
         10.29080608377685         7.540827401930393
         11.04796390089542         6.590806350624457
         10.04522550444752         6.197361669366358
         11.83285001681093         6.305055253373519
         10.80248114896012         7.800409267781011
         10.85569168085586         6.770659976319362
         11.59014721130251         5.364693582178488
         10.84910449661415         7.049508242341929
         11.40725683286344         6.418315092271301
         10.50203912885583         6.512153052405488
         11.79254415397289         6.859175001435034
         11.38693366199616         6.104404034846068
         10.96134299443548         7.825471162041071
         11.14624741536945         6.583316262540234
         12.92482027395088         5.428357085976695
         10.73992495774341         6.475053303694502
         11.66560007285336         6.121892147182734
         11.43837191913426         7.535618303123979
         10.20361676031587         7.028158285197414
         12.27398126255475         5.074096976418716
         12.62899005242962          6.16139875462521
         10.96397754411632         5.431583613330633
         11.37456162472433         7.567076277527208
         12.90948864008322         5.344201579226239
         12.20481664418455         5.690764153759918
         10.86004762334603         5.577271682357163
         11.35122538010078         5.451461739025455
         12.47016420128859         5.467818340661634
         10.66918538859923         7.647277649069698
         12.33664585777356         5.050576623642657
         11.63576789569457         5.247420251862454
         12.45608983872436         5.476336118201588
           11.549309275492         5.185818627650677
         11.90966217245648         7.032901204074198
         10.21548660024619         6.088589826395829
         12.50628155501431         6.147440249316846
         11.12960200280991          7.33042125139156
          12.3328826588559         6.738338679071742
          12.6442340916621         6.209733820362282
         10.22326989661569         6.916883187964039
         11.51965074371824         6.082431890164224
         10.98038296818011         5.433331188046849
         10.50398991618932         7.562002080084119
           11.749434677875         7.389418622375161
         11.81016000745921         6.641971496768893
         12.83125290756726         5.565108596548425
         11.40452332404809         7.167774388481098
         11.68034635716998         5.050777343997864
         11.22501211107466         6.211745249568406
         11.49424850822921         6.947925095103729
         12.07085291357961         7.067157820377255
         10.30758378554673         7.440631928001334
         12.09830474455241         5.445089623220499
          12.4075181504704         5.887189402583006
         10.69388259521568          6.40282929714214
         12.13943091918421         5.049486687774669
         10.98962455336566         5.545472193563382
         11.25277804103476         7.720776913231614
         11.84425874281114          6.10330945837172
         12.81953445117382         5.860665780567594
         10.74971753855966         7.602365960584502
          11.0579678310246         7.566083172109645
          11.3796735422901         6.110684291834108
         10.57039204056624         6.954200553947118
         10.83002460866126         6.453462803334926
         11.03267086739735         7.157030619951077
         12.25879040957482         6.802333637681665
         11.11975227311355         6.384710891625652
         11.14345114457218         6.407283472939459
         11.56031928922851         7.539511271293122
         11.17220465995328         7.275704680068689
         10.18635969429365          6.95350537620745
         12.01995951568969         6.527819380022839
          11.8804037102785         5.363351697577115
         12.59761694964688         5.056507339655836
          10.7374425670029          6.60919635700619
         10.51748624271709         7.479685896320269
         10.85304465720224         6.502573112507833
          12.1531658858966         5.343249876529914
         11.47538674704641         6.822158389559123
          11.0675104294682         7.032548645732165
         11.91026823846984         6.823790008001202
         12.27850875796763         6.833462182363164
          12.2112026543144         6.122643567022394
         10.08842426031666         7.017661586695478
         12.93510296866432         5.588141333042319
         11.94137877312684         7.060492833314699
         10.95453400787241         7.416418091545934
          11.6082268368804         6.490020211672461
         12.56701312748158          5.38055009980567
         12.60672386494191         5.867877918612415
         10.01825255133518         7.156901554494835
         10.94992141784751         6.173098655629245
         10.03064668632985         7.477336030779414
         11.72565967744998         7.190598099447351
         10.62610250977482         7.352277478617061
         11.90434770684804           5.8180888216773
         12.14562953398024         5.284084672790092
         11.12570577624603         6.226617675050953
         12.18712536819437         6.291614946578703
         11.23501598770953         6.323721704325271
           11.143132768565          7.76542669768892
         12.77710675795494         5.299861303741778
         11.13420222766817         6.872751519594559
          10.2523750870426         6.707867542108099
         10.82349550757874         7.441043048783239
         11.43993024363244         5.699444440142344
         10.54165077785914         7.672995552465606
         11.65615765885087         5.115069739815082
         11.20601295387274         5.726034008071236
         12.40174187352169           5.7946119164122
         12.70914882484412         6.103580553711182
         12.45216851021786         5.409074355479382
         11.97036697745922         7.128835989308646
         11.81412944412784         6.778929469149574
         11.31346562613777         7.148388888524803
         12.47945267209912         6.182875856030037
         12.28800735363578         5.658083029783718
         10.03847742501028         7.877020927550678
         10.70426425639877         6.391597491964006
         11.25491587332072         6.566807898297677
         12.00281099610485         5.071605506607889
         12.10473768659488         5.118235154458768
         12.41835584508887         5.802619927998577
         12.04728947021968         6.289898048061051
         12.06886628223596         5.795684737509196
          11.0984644588302         5.798442884136455
         12.18149243730907         6.706190111596195
         10.49112800676395         6.726270422928677
         11.05930538748267         6.051936299240625
         11.93726154887802         6.148414765734707
         11.39578612710697         6.097875208483057
         11.45608234346187          5.85193856265587
         12.48463791869863         5.650233496287594
         10.04967569108417         6.436470796885153
         12.31678456983194         6.451600816852233
         11.88549838419828         6.370905917674197
         11.48525835811288         5.766440985716356
         10.85561297134968         7.161167962812275
         11.81664071085093         7.234786930603036
         11.09117619495481         7.526508924076632
         10.05280580049887         6.087837283822208
         11.13141617602779         5.248360230999302
         11.95806016546158         5.148949233933503
         11.31705342990513         6.271040558826535
         11.85225221755938          6.44359403856446
         11.85292543298988         5.101114680070214
         11.58433275294957         7.235370153637383
         11.75102909966019         6.160508430157469
         11.54997052318601         5.097500830217677
         11.83864737801249         5.785382783361783
         12.59293277067622         6.162884382685858
         10.17522337258871         7.323296618747331
         11.63177034435606         6.831759081418007
         12.00914527694923           5.7373480882623
         10.45599458575916         7.061177870216873
         11.59679702484215         6.293399257694524
         11.92840446573106         6.261558234955104
         12.05040464209129         6.233184801336097
         11.74023314898297         6.405841275114977
         11.48200286586205         6.951527014180045
         11.03162183687665         5.849544389326139
         12.32848643880007         5.851631330651484
         11.88977607105424         6.699457588443511
         10.86312581996145         5.970818915346316
         11.65845541499993         5.845651755588541
         10.15619686521108         6.237011293722641
         12.87926179415532         5.612856835021881
         10.98851300239251         7.563308281779141
         10.26710165911498         6.978738594347305
         10.93694560199282         7.706326229761074
         11.17377320494557         6.889538772048773
         11.19146438495264         6.067955563761129
         11.67223079579865         7.376821900865905
         11.85419787020089         6.156861150506966
         11.05986811492632         7.056128484339688
         10.27536181803877         6.385691095387838
         11.56702572194474         6.122597575383432
         10.92157603574429         6.064292562885004
         11.15675961751733         5.189684595585372
          10.4310074410644         7.273715851748946
         12.04826552574882         6.855585183274099
         10.31491568104776         6.256306731114909
         11.20764956778913         5.609652728561844
         10.29392290009226         7.436801699066682
         11.47954574384297         7.192217607189745
         11.21869061802698         6.145040889379512
         10.38096959934364         6.646586866477623
         11.84918905687279         5.102470636053727
         12.92433359661948         5.591669085378029
         10.85183742273759         6.624767573443808
         11.11107532554594         6.595779452552519
         11.98873339425537         7.215469469126972
         10.15579498811243         6.901564390343438
         10.65984717441351         6.750648880403288
          11.7008315804201         6.955193756151838
         10.42975563862234         6.215252620654027
         10.73159566432026         7.130303953381521
          10.8587324710139         7.181554827189911
         10.80186571086398         7.476646183278017
          11.4870508911031         5.646374860094462
         11.25578891829158         6.614692019602704
         11.11955839781586         7.052251364716044
         10.68772230738637         6.432242310672717
         12.47259764413188         6.368253394537171
          12.3315381524948         6.757417154905109
         11.56526149389156         5.544052651634729
          12.3062004644255         5.769928673250872
         11.16281647294128         5.248427478289952
         12.20840365007882          6.97604740062603
         10.74977668062319         6.067209735719232
         10.22001792263913          6.91071077039534
         10.41440439402647          5.92260328359677
         12.52784592404538         5.685080022644583
         10.84966088819888         6.965097218521649
         11.91891885153819         7.247240304164175
         11.41996279948466         7.551845820593194
         10.47459295714758         6.747955253282423
         12.52290838978227         5.936166536190829
         11.82785807244951         7.193998347565983
         12.94629472823198         5.550103602460116
         10.56553105668595         7.280007726992982
          12.5607212041027         6.308616373763581
         10.52060038945908         7.679588487174533
         12.38889354735593         5.797797449627129
         11.74205892621474          7.32780889573333
         10.86087455491334         7.583772278124242
          12.2936608545879         6.086581921856586
         10.01392565041588         7.311615070992506
         11.38827639377121         7.651387219852476
         12.23132435568872         5.035558808672611
         10.91728584484467         6.422896732902511
          12.5911533236432         6.502359011620326
         11.46868576645903         6.091476646254796
         11.69478866423824         7.403642003273351
         11.92684772741639         5.910113663995642
         12.52585016164315         6.294064684396677
           10.655598689668         6.148739210492846
         10.88067050272826         5.682471069002046
         12.46175748122297         5.156810805050997
         11.61899778629618         7.320897956183769
          11.5545099415827         5.939829255096794
         11.59710705124041         6.874147548895477
         12.66496318080729          5.45741945599277
         12.76208496326629         5.760815141545262
         12.51289237721706         5.032803045681643
         11.01743262955288         6.548544498089784
         10.37500860866237         5.962024147656588
         10.33141601687434         7.435028621480563
         10.82423190446828         6.835649488514612
