        0.3746667397679619        -0.105495234216384        0.9211382033491373
       -0.7704385619468287       -0.3145726636807971        0.5544983873106132
        0.5017781808142614        0.2213392594616347        0.8361982955493904
        0.3270543020262077        0.2704133318095941        0.9054899853150141
       -0.1142967327878188       -0.1279581897958791        0.9851715376208307
       -0.1937643181071348       0.06357898340739565        0.9789857516314316
       0.01580150210945398       -0.5379633246140307        0.8428201314048591
        0.8092166311126557      0.009347536754391412        0.5874360113981006
       -0.5228198514956199        0.7124926608403397        0.4679889006490972
        0.2521891766145774       0.02162946588799392        0.9674361919030431
        0.4613991583912834       -0.7185628422226634        0.5203635829040144
        0.2892503671197285       0.01366322173829886        0.9571559650824062
         0.363821367519353       -0.2230012555876806        0.9043807011113549
       -0.1657028476435001        0.2232304236279761        0.9605783384241544
      -0.08889570135552037        0.8226289015921003        0.5615863642805838
       -0.6828914904830654       -0.2786618741799557        0.6752827349372498
       -0.8197340485093103        0.2449068534524579        0.5177419461918766
       -0.7313938486928719       -0.5168995179678186        0.4448347180907365
       0.02604309416820703       -0.3600470670916601         0.932570569300168
        0.2115112795215459         0.491432531938771        0.8448414319784555
       -0.4420038784804328        0.4886676348571702        0.7522210539803803
       -0.4433629391944465        0.5255726332275282        0.7260872615265631
      -0.08503496298346999       -0.3745744057043622         0.923289266514901
      -0.08632097881174632        0.2695290453876269        0.9591156250991935
        0.3747513750708547       -0.7393907567786078         0.559341323051374
      -0.04980047428808657       -0.1979859409372368        0.9789389561928152
       0.04277589427459853       -0.2406815570638117        0.9696610804597385
       -0.2787217421190907        0.7214629263627369        0.6338812478329163
       0.07520257847637186       -0.8820440000353179        0.4651268151721648
       -0.6543703888216066        0.4329693489614947        0.6199491407311721
       -0.8499798305108521       -0.3494998789947258        0.3941879276530614
       -0.1091558883063461    -0.0007566555699307988         0.994024355597186
       -0.1139432514842154        0.1231069422728511        0.9858304195983373
        0.2752107056718788       -0.3388143405908376        0.8997021229793684
        0.1386358948227815       0.01525465520355404        0.9902259258175921
        0.2432357502994365        0.2125975054316953        0.9463818840513012
        0.3678965984495258        0.3424791870668662        0.8644999128254941
       0.08730153401338935        0.3679522490472361        0.9257373194270553
        0.2501517879814953       -0.6374321206979214         0.728769081720823
        0.1435880750660311        0.6518278301322754        0.7446495447953227
       -0.1317568373887019        -0.777904918897201         0.614413600888576
        0.3510386078181571       -0.4515236500267901        0.8203037786622557
        0.7779532249159702       -0.5001949402709371         0.380254916562818
        0.6107093686791677          0.11727321599316        0.7831226339585098
       -0.1563760692601346        0.5742664439371944        0.8035947836630591
       -0.4382613978260296       -0.7721994162311364        0.4600380514129965
        0.3014690915635533         0.455495272866863        0.8376398051834619
        0.8141204981296132       -0.1851803309131545        0.5503781060035774
       -0.7412427039255856        0.2098121646574082        0.6376034107804471
         -0.59331151837514        0.3933345317031976         0.702331394950569
