        0.2184182969823758        0.9563175765089297
        0.8295092339327006        0.5616954427668942
        0.4153070814759612       0.06611873491603133
        0.2575777923820449        0.1099567935324706
        0.0438289977791071        0.6339657123024125
       0.06172722906560182        0.4495389603071763
        0.4013062814976167        0.7546734864214102
        0.7972869541062562        0.0018383711584052
        0.8975040608997311        0.3507523379805466
        0.0945447502116802       0.01361689158346195
        0.8590968552798568        0.8408474506556681
        0.1231039157645542      0.007512364073964213
        0.2603029977673649        0.9124837069814328
        0.1136640464424993        0.3516286599038961
        0.8228873166859196        0.2671322702601793
        0.6920664997834797        0.5616624748790617
        0.8612157906236098        0.4537937750119505
        0.9119770283850847        0.5979168771440819
        0.1889546910149678        0.7614920561551927
        0.3969884758591598        0.1853141170760189
        0.5743658610197061        0.3670266677278201
         0.617204827045669        0.3615287040921618
        0.2129299976810783        0.7144712147458844
        0.1177068679148165         0.299329148729052
        0.8250029546820958        0.8246600738406097
       0.06186177071875404        0.7107805249421908
       0.08828333396384311        0.7779940085903767
        0.7453030686177408        0.3086749195464353
         0.899373090731644        0.7635367245771861
        0.7617306460977465        0.4069696405720143
        0.9387494548374502        0.5620882858049001
       0.01782002161061394        0.5011032253710094
         0.041909255104679        0.3688505815002322
        0.2717236016136234        0.8585725611826639
       0.02903655871085131       0.01744227903683909
        0.1523837876203984        0.1143186712178216
         0.353907259327262        0.1193078272537253
        0.2066527591940145        0.2129239571228569
        0.6129475527179743        0.8095190747258053
        0.5870896347428397        0.2154916437301155
         0.768056363184468        0.7232967226958407
        0.4480189906420346        0.8551761180899287
        0.9450174960484246        0.9090569241931717
         0.519725721078372        0.0301946252709124
         0.481066954986442        0.2923128838926452
        0.9026398429648589        0.6678415111229472
        0.4122780358258378        0.1569484905987781
        0.8332816328568505        0.9644041642803165
        0.7407899148095486        0.4560988612493492
        0.6535614224055213        0.4068269493806695
        0.5405386018004579        0.8322809397885291
        0.1457557641571545        0.7171283185648915
        0.7756507562881931        0.3622616237593805
        0.5311108452598133        0.3799767528366786
        0.2692852631391775        0.8774178190054183
          0.76128480242332        0.9136750040622924
        0.1357940855065367        0.2911952288160972
        0.1182109704729222        0.7717808432338278
        0.3206329156105816        0.8774129514479799
        0.6794757645588623        0.9491755435436885
        0.7933611807895036       0.02136623301494135
        0.1022783010689005        0.9914061556938228
        0.5632596255743001        0.7045275269191091
        0.9941455544351858        0.6043342740907477
       0.04614517932800317          0.56202900665734
       0.02151538851627919        0.6091348121595044
        0.7287885051435686        0.7484065944624934
        0.4696337950492273         0.135193808991401
        0.2023478384033828        0.8601202251215569
       0.04062438105978978        0.7739725078857689
        0.1559407227385157        0.8957272045287272
        0.4871273089348849        0.1486817007566933
        0.8933447495997329        0.4452073152152549
        0.5993472177215894         0.228688778450138
        0.5722996143193111        0.6396183723430686
       0.06598453738657056      0.002119914629440575
        0.6294051788552011        0.4128415777189864
         0.628397089222989        0.4698791282328854
        0.2585086269440156        0.7544932773657929
        0.7685133561871013        0.4039781183740989
        0.6602358718334677        0.5842984907878871
        0.3047351903608964        0.6843446658955755
         0.780800314011189        0.9108782786911478
        0.1312307701987938        0.5955548475161411
        0.4903227321034031        0.8541588968398687
        0.8485799453930883       0.08314297444825917
        0.3839716256318833        0.4111123356802907
        0.5650261433333988        0.3943915056761754
        0.5380362493344806        0.7752430418913095
        0.5098057549689046        0.3053242146366809
        0.5840756695335119        0.5597783678659822
        0.1950292201586636        0.8561033796328403
        0.5295022486101283         0.344292860154652
        0.5301009246474188        0.4062410194241405
        0.6928138218886595        0.1219050973225789
        0.8589708086855725        0.7223823404128187
       0.07999595909888303        0.4920846458693524
        0.4666435627330783        0.8783592687820988
        0.5842311999378755        0.1737778741652516
        0.6847312495145548        0.2781111985661956
        0.2149145487651942       0.06882128727669834
        0.6793753204878259        0.2610120415833897
        0.8293831235428198          0.44215811993556
        0.3515221491976063       0.03276187601920599
        0.6288502838265001       0.08672082986537866
        0.5169876243259689       0.01100250520266375
         0.919104950881992        0.3969102890006821
        0.8712275865359561        0.7220476826840084
        0.4554035106691447        0.9668042202746557
       0.07853101383411755        0.8707495796364019
        0.6881857214542931        0.3374210928097242
        0.0363071523756681        0.2143100100522941
        0.9083391389834581        0.4559097007868023
        0.4743415282203691        0.2580652205407678
        0.3021618576105268        0.4343411281635551
        0.9713414301449602        0.3354173080517894
        0.3586967239706019        0.6158400920899736
        0.4244283025042702        0.3664805657812109
        0.4388694099099943       0.07817274661236982
        0.8493523834054708       0.06550864924587449
       0.00386793352823215      0.008358812428736737
        0.4865604971681755        0.6222763371429122
        0.5983989129450955        0.2905303990736593
         0.944417488685513        0.8247331752121666
        0.2904765225283568       0.03891439178702575
       0.03418279906283508        0.5103038793674014
        0.6773009805942543         0.397581448477001
        0.1514049056611222        0.6622495807647617
        0.4287045008410277        0.2365460154645763
        0.6288821229513716        0.6218410015810993
        0.2817141251870341        0.7693022683645129
        0.6632250848170584        0.8240011086364265
        0.9866335833793483        0.3506367319779893
          0.15155466512515        0.1792568928370892
        0.7705980719454809        0.4417958713098041
        0.2632094958021183        0.7619961796680563
        0.8697923569805911        0.6001445443984661
        0.6293582374034534        0.6238965981421879
        0.8301255291961263        0.9197699356896386
         0.573309951698558         0.620358706242423
        0.3687763667325369       0.02439600090572174
       0.02358724410688204        0.4308117252690613
        0.6526669792731687        0.3739212231391742
        0.4939976317984989        0.6181980755869873
       0.05505693892427535        0.3419725491214584
        0.5326333877035684        0.9693476063476263
        0.8252207444662596        0.4850529764918938
        0.2853763295584488        0.3199711420031736
        0.7549839311602543       0.01493168017512146
        0.9567487164625421       0.07567843471984378
        0.9274524035036201        0.6925465080952475
        0.6291621711840129        0.3286116478458803
        0.9759656371853017       0.05446503919004054
        0.3939137153091198        0.5078135498102061
        0.8223321105954785        0.9357835076887668
        0.7134145552444022        0.3584306255531503
        0.1435239897702145        0.2076961953119156
        0.7499547915835607        0.4901828101997351
        0.5024914617862236        0.3739986868256724
        0.7959298108265308        0.1923312676001944
        0.5116147270675848        0.7087182787379168
        0.4281113768832681        0.2679116568702938
        0.7912172566640795        0.9884334550594869
        0.6010800616503439        0.3525966905581898
       0.09257852429621127         0.967257928502567
        0.7040052007065172        0.2154088989789558
        0.3773653303899754        0.3791081990749272
        0.6715021885910001        0.9372842446114121
        0.9363000154635714        0.3943607268620555
        0.0207367204215313        0.5220601430455608
        0.2648246298706186        0.9075544703773595
        0.2679844374012236       0.01443964010700716
        0.6870312912432261        0.9349125343509656
       0.07496566607918033        0.9479498592393921
        0.1932850774244291        0.5422964438241092
        0.3763318328809334      0.009115563709327151
        0.2052792707374367        0.1287034662040484
        0.1191566056132548        0.6650706476483877
         0.842375616425131        0.8069860044473368
       0.01377746230560156        0.5578089824386776
       0.09556834170815316        0.2171191737020891
        0.1219526036214683        0.6574091741735532
       0.07599091812380453        0.1793609741884422
        0.5198933442407109         0.847437114804693
        0.8755892742315018       0.02893278562727065
        0.2733280631910755        0.8247582948446595
        0.7126621858365272        0.7133579867111967
        0.4076832879155273        0.9330203578934348
         0.273155942672022        0.9319287309545516
        0.9261819798598047        0.3405363253792447
        0.3940209510500344        0.3101246474659866
         0.264950235949325       0.01861583535396757
        0.8763448106017931        0.7272325617469838
        0.5976659266883126        0.9712303806381011
        0.4690082461646965        0.6215937061007757
        0.1254189871769409        0.9169175940626215
        0.6340042238878726        0.7089914458937127
       0.01923176460762125        0.2282677773397382
        0.4965339514614315         0.246122652766399
         0.583425263183793        0.6283988475600106
        0.4994314985549166        0.9451966555034998
        0.9201898858025125        0.6314114991388463
        0.1330665867393757        0.4501234467137141
        0.2247693167064762        0.6979060851125027
        0.7075731049419227        0.1811753866079442
       0.01472288044777419        0.4474516987785377
        0.3207017678228901       0.03461208382187815
        0.7252928249738543        0.9965099789591282
        0.3432172501014137        0.4523227589209798
        0.1886095861751726         0.961315013399509
        0.8214310583324724        0.7917981225541071
        0.7510464692795242        0.8380098472084004
        0.4315027750016145        0.2671398349277948
        0.8192058683961377         0.393030860623568
        0.6696748489484958        0.2251868714576871
        0.7157487890844307        0.5898987769722154
        0.4287450953294268          0.91881758198825
        0.5671012916149657        0.2714086758162098
        0.5656146837871057        0.2859909116539978
         0.649252422422011        0.9854642226704201
        0.6971912959675128        0.6941119444628394
        0.9394512026724223        0.3563641488160794
        0.4122494679715109        0.6768085628748358
        0.1215168377886258        0.3334928212201643
       0.01384654315760219        0.7188508620659665
        0.7264393803868884        0.2666668068787265
        0.8690234472837841        0.6770792694763885
        0.6712826902955725        0.2481763932015955
        0.1006407593792457        0.4692429762408382
        0.5667020960256757        0.5621284062501085
        0.6921243442286129         0.533854064286379
        0.4852589347540648        0.7469168420239589
        0.4313645592809039        0.9441482167863872
        0.2990803663922373        0.6437182196279757
        0.9721178584089152        0.3848471410298828
        0.1258996306507049        0.9950924580368656
        0.5189431083668578        0.8768227821110895
        0.7604997189130142        0.7187764456669337
        0.4757229617898343        0.4758192237568476
       0.09369410345473957        0.7167968468906103
        0.2046063263814027        0.8185276737090873
        0.9946127547332411        0.4565696839265599
        0.5666781587071917         0.159813894490571
        0.9921248447520955        0.6422666285976131
        0.5752274098387097        0.8470776694598879
        0.8343913637752691        0.6156517111444219
         0.258309750458705        0.4119761885913448
       0.08380202021184506        0.4605537748003138
        0.5272934774251296        0.2214755519276347
        0.3396014442206856        0.6814733183031091
        0.5220613248939084        0.2846879550499923
        0.7504607777415744        0.9942921683572165
       0.06847446181844577         0.850279843320091
        0.6533274350591332        0.4742016184238946
        0.9066012710350727        0.2475630907432646
        0.7928663416313901        0.7046045021269167
        0.2878678721632981        0.1953277039216769
        0.8727199848619261        0.8047863485820409
       0.04416133232375397        0.2195124044989375
        0.3449826083639067        0.1226990782231049
        0.2034078045656675        0.6749715155914709
        0.2462631446394829        0.9446721742104692
        0.1052327934155726        0.6475590288518722
        0.5245984878694328        0.9267860869046912
        0.4937634293165959        0.6819569620325484
        0.6506614860039701        0.6675958459227911
        0.2833830165915473        0.8183601054947804
        0.1782937767720239        0.5835063655475917
        0.9914862759779662        0.9098412412249983
        0.7017420756733962         0.179066465310179
        0.5700826270065558        0.3787126049100347
       0.02275105892688601        0.3770474043368863
       0.03572502454355148        0.4304875351403328
        0.2040034854695569         0.686580467786991
        0.3579227050381484        0.6069038936580108
        0.2337412485886579        0.4891652369097418
        0.4001371759710741         0.105516900817657
        0.4225521359474651        0.8337492438681613
        0.8235424318025777        0.2776520365132853
        0.4977779250784558        0.1535872352012329
        0.3406621633572722        0.5089798478648463
        0.4243035159894298        0.2691936107532492
        0.3370161686552754        0.2307468881851951
        0.1629499332720782        0.6995286483411838
        0.9779932908095113        0.1332395030735695
        0.3563282756674742        0.8093294593121805
        0.4002233777916323        0.5543108989910585
        0.3032798344590245        0.2241780218662539
        0.7600137049676214        0.5503400650284984
        0.5654734221759136        0.9118070121893893
        0.7404546759354516        0.8217391039843633
        0.9691213941477556       0.02327230108000073
        0.1375642722109197       0.04272317096492292
       0.04833444535865242        0.3570231857321007
        0.4886829161240202         0.293771729925867
        0.4214651246432636        0.5643502532040603
       0.03470610130148569         0.305444604843306
        0.6074738723871366        0.8133737494801985
        0.3726082352597135        0.4266103405404149
       0.03999384121757951        0.1764893793298321
        0.2569985530468946        0.3746812871341639
         0.268393196276375        0.8844500550926636
        0.9520767269861676        0.5535513011230175
        0.5367184656094198        0.6272519736346559
        0.2239214341149382        0.4475433683939337
        0.8613929938356163        0.4320481593641797
        0.4334148170353312        0.4028302972936854
        0.3688069723206578        0.5387841204543183
        0.3447129536912024         0.590612993819483
        0.4325876479891838        0.5006001379545104
         0.586519045531766        0.6255987726872251
        0.4385731091670967       0.09824616046953462
        0.2232190986154212        0.6433906273778807
         0.466274910798958        0.6824262117059299
        0.5373407469486963       0.08593444343479045
        0.3001908847438931        0.3082001569090712
        0.9200374441294688       0.06932430018739129
        0.1335133109792969        0.9582177474394441
        0.7656820647785855        0.8184634129170736
        0.9145816233059906        0.3733437151326909
        0.7878205663052007        0.9002585903733088
        0.6461292028300875        0.4935125384654715
        0.4652344269736197        0.1950145583473653
        0.6096823171435728         0.930704772856648
        0.3551182273378895        0.4720471829262278
        0.6970038598487135        0.5438730956438105
         0.875118967972659        0.1244954928338451
        0.3957481688591133        0.3394743661866494
        0.5456728001515468        0.1227526311338126
        0.1034715748819256        0.0467591323151527
        0.8807368622072517        0.5444438985934151
        0.4686041425054362        0.8298235045446828
        0.8436416186150217       0.08468481110180051
        0.2976202630735393        0.1037617410030216
        0.9235811297869728        0.6280491489716141
        0.6220473230590745         0.749359205674574
        0.4801704373330536        0.2245406826022492
        0.8552526951573354        0.2320482680600811
       0.03524149164149851        0.3037500499139162
         0.127089172654172        0.9877249113636849
        0.6925861656731362        0.2956870828113378
        0.6128010724407331        0.3476250550282283
         0.534300167799804        0.9829206852575312
        0.9479579952734073        0.3300274011178955
        0.7705308812126463         0.312521224504847
        0.5442205301870271        0.7144513361311823
        0.7836069905640475       0.08269110511677236
        0.7894037709105396        0.5091783937306428
         0.761263882589979        0.5620753651011559
        0.8006617537280096        0.7220956169256211
        0.2610343095061579         0.203640101561582
        0.5791871261380306        0.3980295156840754
        0.6820704553298443        0.5581433337623606
        0.7150110391126768        0.1905350010697437
         0.321763148198505        0.8732320576786287
        0.4111941793768591        0.9405731516117024
        0.2129599722981547        0.2182546040013035
        0.2051296435212146        0.6139188430012804
        0.1339948671491845       0.05173229521413718
        0.4646857098732199         0.972726251400292
        0.6101081476271851       0.08763771135253071
        0.9270147796822406        0.3374029417983987
        0.7312431049758354         0.002865977586499
        0.1684852988223484         0.732417456642443
         0.740194439262287        0.4479413378970537
        0.5500664331427376        0.9665423179310658
        0.6767383248545358        0.9410264304999064
        0.8312182467137448        0.2850732553064633
        0.2262021886187426        0.7801843158396647
        0.5577970093556534        0.8943367352676393
        0.1175104366169265        0.9979083248808941
        0.8452171584355685        0.5647825764030043
        0.3007621063229952        0.9087212373529162
        0.8778369965862161        0.8064024032629066
        0.2051923550581248        0.6679116439037963
        0.5909996836092358        0.9316829446824608
        0.7952521046181709        0.8021230230625715
        0.2816493242279269        0.6801925485968079
        0.9961648699283814        0.5429697700223989
        0.6929252481155003        0.9946456918874285
       0.01014443440781651        0.4975091011454885
        0.6354633935556893        0.2332560542071311
        0.3345032661671685         0.996394768303004
        0.4068717525157851         0.293544893739871
        0.6090293463971436        0.9562254370412946
        0.2809212013376307        0.4426311307551606
        0.3014149946473765        0.8818153058094244
        0.6698455212609451       0.09367642695226606
        0.4197078698184958       0.03016841180005516
        0.0404971502888513        0.6356049406172506
        0.6122375179747297        0.8759651443812396
        0.3461823925873923        0.2874725234019041
        0.5507010708042779        0.6328974960190972
        0.1082161544337633        0.7889076642224016
        0.1711132857723706        0.9009941279882859
      0.008309898435775162           0.6644630174102
        0.6299342026740913        0.3041449022803777
        0.7633728960886792      0.008265239655658762
        0.9138828999410806        0.6299001204587978
        0.7313251097912093        0.3811209096284208
         0.499128462952818        0.8520772907675669
        0.8630266863690687         0.889518570522167
        0.1386155551871764        0.7116361538092464
         0.468837703306085        0.7552798812602023
        0.9889650102131358        0.5349275295037271
        0.5269888436734922        0.1014960878947708
        0.8447493374110171        0.7021146163449284
        0.4403575320683613       0.08904186360489048
        0.5266016863598066        0.5945431164126608
        0.4861580750118244        0.8587671549811133
        0.2995745294101614        0.9491160622991297
        0.7936599034367574       0.04199776567390057
        0.8564477184598177        0.3168049139347365
        0.5401887821401267        0.9528619082853438
        0.7500933970627689        0.8197250993581517
        0.1197456396679264        0.5649660050407634
        0.3836472212989626        0.9588487119647486
        0.3703028421515262         0.679868369178289
        0.5476813826177268        0.8809981419617001
        0.9357727318209128        0.5323045442215939
        0.4424752045387025        0.6807630744779464
        0.5849933547520462        0.9833138365633094
        0.5556519918575262        0.8430276423448079
        0.7655856370361539        0.1978023458157576
        0.4640263008938297        0.8900395342098317
        0.8944522541915358       0.05903699065202146
        0.2347019408867217         0.635520691314471
        0.1962594861043676        0.5331831301901233
        0.2088695784030452        0.4710044052533872
        0.1710395115202533          0.66107027259941
        0.6080721647195262        0.8688729804802606
        0.1481837025524054        0.5234889297113519
         0.278442123088464        0.7767629947926449
       0.05565416908326818        0.3796198318417131
        0.2705141004360515        0.5304862686760508
        0.8827181089588715        0.8432580548094919
        0.6381279311914899       0.01614010148416765
        0.2666856587102897        0.1858661804184306
        0.8528944574092587        0.5971464340246551
        0.2401171821229621        0.6494801536090016
        0.8129422826323622        0.1209449233055279
        0.7213261032661242        0.3278182336551411
        0.6410533327462093        0.1833640342404037
        0.7993236410937818        0.2324365722975177
         0.561470810555772        0.6399135089327473
       0.02634520038187451        0.7837828414956751
       0.03821771314082928        0.3251047918052659
         0.036236159518421       0.02113305824749989
        0.1833099844691023        0.8909091347781575
        0.5098290068339734        0.6961183108469521
         0.660451022249454        0.2003315324790884
        0.9720665537109036        0.5225690814961371
        0.8185531691302392        0.4231142980862189
        0.2820083104307026        0.7136736589636542
        0.7131868352332825        0.5311403984534245
         0.876677277859907        0.3150097691823273
         0.369190926816008        0.9919073241201559
        0.9863973673780382        0.3805543977475805
         0.977763281141841        0.2674670183272793
        0.3181772638494664        0.6052738002206496
        0.8367608453807938        0.4395290573079637
        0.1648665648634444        0.9123558061239015
        0.9640343337574776        0.5250483171388191
        0.4870666179023012        0.1286475160690326
        0.1788026863516004         0.136749669965938
        0.3517032388187183       0.07633513820715354
        0.9646679152992178          0.17365328974741
        0.5908409387450045        0.2636580114410126
         0.300198522985992        0.4365760918646532
         0.534376356505697        0.2634242653071713
        0.3716272513053854        0.9392130192521725
        0.3532154044663427        0.4913031791502666
        0.3325324143724696        0.8722886530558632
         0.555392683712969        0.4848356565599692
        0.6328802334895083        0.8180848195801265
        0.5515634089191638        0.1262141936979757
        0.2819535938324375         0.794051791869124
        0.6284666487747932        0.6389665154584392
         0.110225876838775        0.5663121270491362
      0.007919817234865425        0.1083682734035348
        0.3455711893301455       0.01497937832646138
         0.758411546085236        0.6228557273523196
        0.3362101629833223        0.6842095589296202
        0.5100575370957333        0.5370264204573596
        0.8030491032227969        0.8462785779267316
        0.4040599653302963       0.03583766474936871
        0.3236314744162125        0.2741908003776848
        0.3247821909785117        0.6142840639430344
        0.2722632355249492        0.9281997093106549
        0.2525152076146992       0.02309460426702944
        0.1510139364441372       0.09122995058115976
        0.3017794984707477      0.008031065579094325
        0.9781191949114416        0.2493097443231612
        0.1488730605375011        0.1095285858479855
        0.8469424442159657        0.5616606890680242
        0.8312016645152969       0.00637624599302815
        0.1655664104720572        0.6746609507120147
       0.02659921535457675       0.05301248796610317
        0.9808852932740461        0.7391249270436085
        0.4726494776173834        0.8197707346299881
        0.8867376534204104        0.3997418234843899
        0.4608276567461859        0.1304273419620669
        0.0923364721619849        0.8990877083489545
         0.967115018450417        0.3021159541177889
        0.6628411256650955        0.3707996412779987
       0.02957128827749718      0.004642106128910512
       0.01987771271617361       0.08471763835992412
        0.8493479903568846        0.9916746816035661
       0.07637459089407569        0.6277492244525773
        0.5812159313426041        0.4961585907451423
        0.9374350937228526        0.4716210316019883
        0.5346785529861556        0.3424405126383638
        0.3976962167549021       0.08031535245068898
        0.8601287099358765        0.1832286553282566
        0.5240102645310628       0.04051643844504084
        0.9597809816948074        0.0389601960939094
        0.8040157848563406       0.09329679379366397
       0.03921337287629414       0.05915796666054623
        0.2679457162681841        0.3636535570595563
         0.925333822528107       0.08555605079785826
        0.9405458354549163         0.753857325142438
        0.0800643377336621        0.6413243606540504
         0.738530081536069        0.4750810318725318
        0.6869031030726805        0.7804539518859175
       0.08957003898891477        0.4036453661312771
       0.06766892646439299        0.3116471470689032
        0.8536010634884434        0.4730748075151118
        0.9682903261196478       0.05551195193511409
         0.989376222657611        0.4461750841679049
        0.8646400057555316      0.004577500281882763
        0.9340472416152105        0.5319906554518675
        0.1669466514829652        0.8723716222557635
        0.9498560264903056         0.230238065218618
        0.6111623335359082        0.8053402801575381
        0.3540893221804648         0.179238201193009
        0.4564476098887192        0.5149798046129779
        0.2655765871682542         0.545700772425087
        0.5928826325226935        0.5784053348530275
         0.258463387949935        0.9941615037999439
        0.8723952475811848        0.3469268708990894
        0.7999195087278475        0.2471838985659018
        0.4197834163774734        0.2998794285887326
       0.07355655686241512        0.2650512518524223
        0.7163901187643337        0.3687267076815153
        0.1897763303333262        0.5707840805435942
        0.1680422025495181        0.2852983988136792
       0.01018911460835214        0.2484492316005223
        0.6862357303539516        0.5639206676278254
        0.8146613211009263       0.01282446599163616
        0.5407999327776479        0.2244706736873026
        0.6786128615968346        0.4463654600064123
       0.06428672375949081        0.4669662827691221
        0.3023149148877926      0.006774787328209188
        0.8638506311764614        0.7375589491119393
        0.1532583786807423        0.8135706231563117
        0.6814641098511487        0.3672948727969362
         0.124927423945985        0.6552143709645343
        0.1879333821901262        0.5963546361442449
        0.9323702053291176        0.3460417936122123
        0.9244255473928705        0.8201758520338711
        0.6955458608533736        0.0392839797003339
        0.2458468583496191        0.9481485001000912
        0.5318420233538168        0.6688869793867069
        0.9834631457328722       0.06509120485638868
        0.9878800790179056        0.3004889303196349
        0.3174521486654262        0.4182629014229641
         0.744584586778741        0.2331506508433829
        0.5629889315456021        0.1549729863821558
        0.6309822623429159        0.9188837571138166
        0.6793066270660165        0.1064817011795992
        0.6379518199552026       0.05623855304432274
        0.2013610658135899        0.2754333076273147
        0.2076015366167152        0.1590261012972332
         0.751684643638543        0.5638062998186316
        0.8924815518741103        0.9374431398842393
        0.6068528660284652        0.3761198787640246
        0.4468027206119876        0.4133257220343098
        0.7654105972864891        0.2559092730409005
       0.06715222544015398        0.6274530322087597
        0.6031128892371188        0.5183299432786067
        0.5713571433474272        0.7995087470434985
        0.3435122693444481        0.4107111768630126
         0.822749900971301        0.9575863545057551
        0.1538610277401378        0.9422933649436948
        0.1245854446247514        0.9075679186753425
        0.4940099816015047        0.8257612147052578
        0.5687362838090714        0.7507224835761009
         0.392782129509495         0.489251014512867
        0.8418013517495152        0.1553196008958451
        0.4565323942363182        0.9399503347619452
        0.7452771778501557        0.8735287886925559
        0.3983523307150219        0.1076226807643768
        0.8143957023146008        0.5485695239558755
        0.8079896130209793        0.8814267603594408
        0.1395621430705033         0.620938709727746
        0.1168949450848831        0.6533421452992053
        0.7214366233160995        0.1853287136947368
        0.8196912318127119        0.5505338034071627
        0.8216343525464176        0.2085639765415911
        0.3347539195310363        0.2091258550926208
        0.7782467271620546        0.9927441030182935
       0.05014030916823853        0.7081762350294282
        0.3179827678398873        0.3363793670657321
        0.5280225721505327        0.4753706024128411
        0.5537151743150081        0.2909352035531572
        0.7479663759764198       0.07088169924116088
        0.3087192090571508        0.6437468973783663
        0.4541048092779845        0.1395299379358597
       0.07966701177444144        0.9634669636628844
         0.989259136783482        0.4783127975762329
        0.0031892880810554        0.6023647810956857
        0.9448764095258765        0.5378157396227365
       0.06913631645091783        0.9740706518588849
        0.2054466564125188        0.9419545074157326
        0.4294069718479794       0.04297622993500191
        0.3014965556875434        0.2526117080002917
        0.6449765849727513        0.1214642092155739
         0.448964393883046        0.7445683906135004
        0.9609417015928846        0.5471795240813655
        0.4462617209161056        0.3207438328696351
        0.7415993244655134       0.05984694978830548
        0.8476851450985283       0.04423442298510125
         0.447947149815583        0.6477473478644726
        0.6896761328035494        0.3867646410795503
         0.353322967101481         0.299108388025874
        0.1146778162110963        0.3900571616114316
        0.6907155493332168        0.8562382560964583
        0.7963709727423728        0.6069395875270203
         0.833648105030484        0.1237019869078323
       0.05929406967599544        0.5554290970286676
        0.0968342535597541        0.4932996646675199
        0.8874645045897305         0.615929426879674
        0.9258781130523078        0.2334468915159743
        0.5419059160540247        0.8127316007020908
        0.5800137210238105        0.2906097617268879
        0.2782656016045824          0.80996641503561
        0.1055382220510277        0.7808981052098705
        0.5544549550356369        0.7244297757941824
         0.491242415474522         0.311277316080403
        0.6378516394484549        0.3725047760318406
        0.6877710975752257        0.3688375569540208
       0.05282005343904379         0.746638196828777
        0.7481747635935276        0.5732523801309393
         0.652753369220887        0.8258770744932168
        0.5159917401417634        0.2731770203645394
        0.2861815091472779        0.8526244921404759
        0.0598401613780563        0.7335923340406441
        0.4863588718842847        0.2335601906325134
        0.4461241678314071      0.008889138236586713
        0.3997463501777657        0.5369077923130464
        0.8092658816452756        0.3316735300673531
        0.4370201362238649        0.9974299021458102
        0.8043662494575551        0.9835553466677972
        0.6147123181936482        0.4699324259612075
        0.1542835469063348       0.04357299163873951
        0.3312705109332315         0.663477548672012
       0.06716111910508395        0.7769288586866395
        0.8433286355564996        0.8243785462020581
        0.3302267493180904        0.1209760820992584
        0.2450119495472121        0.9158362573068695
         0.459977369014098        0.8396414279679139
        0.8534806015699801        0.4484713437955992
        0.4578755704713863        0.5147133187653351
        0.7867489455722123        0.8895289300888299
        0.3127287920924275       0.03280897486446889
        0.4204405762128449        0.3447647822581625
        0.4616957187696177        0.7199457705199426
        0.1285657673673669        0.8048522573493511
        0.1518899845586497        0.8149706119310999
        0.2110754489838841        0.5450712593660156
       0.01265664818287919        0.7202860208408157
        0.8471529105450608       0.09896828238281881
        0.3599220958161743        0.2106647017350351
        0.6416422475915913       0.08125584110247212
        0.6669214812998303        0.9493367978565981
        0.5035624180205547        0.3735601181775405
        0.4249065413031456        0.4042400589019144
       0.06267032309228852         0.300120267675305
           0.1213390850963        0.3460033211423003
        0.2778187455825167        0.2996572518095793
        0.3394314294219742        0.8240345962022558
        0.5494591023247577         0.759133259613571
        0.7526949987129188        0.5448440357498284
        0.1937093307132608        0.6727214695869321
        0.4297399443485901        0.6392450479635895
        0.7915216911126859        0.1050632331022778
        0.7977588431478152        0.9328774930104299
        0.8720258538486336        0.1385264075933136
        0.2133325437033319        0.4800622111305806
         0.405582897532549        0.6317591893301099
        0.9766956315683124         0.323480635083659
        0.7390341379937072        0.9467579158206654
        0.1602920378288824       0.02827993222748595
        0.3008209724289932        0.8980838809145069
       0.09578732684484192        0.8976023661884739
      0.002969325986985463        0.9054618658511082
       0.09758016284858766       0.02979708277919305
        0.7995702962898351        0.3779704525764687
        0.5493967879969257        0.7118163516889928
        0.4974234683630236        0.1962332186168011
       0.09170546665848713        0.2937782105340051
        0.5303847056209406        0.1757478416691656
        0.7939750895388308        0.3393305834852468
        0.1291169375714292       0.06836987755290228
       0.09253209227791206        0.1868749969479125
        0.8080738693086783        0.2975221878214725
        0.4554109794105349       0.09233135687274172
        0.8131150420387021       0.02451226581900088
        0.9776516416421305        0.3911419465890175
         0.922696668569979        0.7629094741663108
         0.219532989987474        0.6909629141970722
       0.01369952317892882        0.2478860803971939
        0.2213534555380522        0.2875274244020391
        0.4734221801253771        0.8065817871667225
        0.2200976266503095         0.180811307002006
        0.8956369430730646         0.970103023508628
          0.52151697010845        0.1357170753741325
         0.996885933393559        0.6618834298974166
         0.274806873055015        0.6791156793954481
        0.8972242017255726        0.6471591976349248
        0.8046352242647795        0.5042149319532608
        0.3403617857498026        0.4605333988593566
        0.1848350377585195        0.5224797713864849
        0.3175181561529293        0.5276507439407704
         0.226053880620948        0.2875717968004637
        0.2191890805002037        0.9108761613292736
        0.0956442691780639        0.4932321605446388
        0.7529227112734579          0.37200904094141
        0.3559514322856455        0.4757227406007227
        0.4721016983588167        0.6132447354233503
        0.8042688042452102        0.3457936627355389
        0.7540899029321089        0.9889992488906219
        0.1103769820639237        0.1059376462800099
        0.4940211220821468       0.01299927291065723
        0.4787798209229989        0.8524506775456584
         0.138538266123661        0.4126388632533442
          0.22137506501576        0.6507179162357731
        0.6160187518904874        0.4271635698986905
        0.3381196662316995        0.7772306560953747
        0.9156376844327183        0.1225630729965261
        0.9175679612967922        0.5647263291760871
        0.3554149634740909        0.4592914243262397
        0.3109690585526263        0.4569673698419558
        0.2505853391355745        0.5877950738748379
       0.07180713585748688        0.8625324204400001
        0.5823911002447711        0.2472223305232817
       0.06570932411507746        0.3766104603809864
        0.6920079573120764        0.5777391579524848
       0.06202821994898705        0.5082927376267854
        0.8760417442660495         0.633596656639956
        0.8590087097890847        0.3593861871951485
         0.203648507679144        0.7204687440017242
        0.9181810760936243        0.8693467200597762
        0.1103248158925302        0.2291808036170911
        0.8417665957223387        0.5711750520888856
        0.7391009645794151       0.06991234191785917
       0.01673067548071695        0.1924628192422196
        0.7226031746904801        0.7915576639128065
        0.7096580847302525        0.2234306909135096
        0.1996223815609675       0.05336707227272806
        0.9403837350354473        0.0294355750205456
        0.7237093963854361        0.3838256920409936
        0.9584064734400098        0.9375999564450791
        0.2424688042211272         0.173192759581637
        0.8507104421752874        0.8904023947145193
        0.9930487567933662        0.1704563070792399
        0.8591532319606119         0.788370324158578
        0.1400388326142751        0.6326598723237149
        0.1144747059333597        0.9763827234812575
       0.06443441568740203        0.9492245152786497
        0.6164291303355967         0.324394097219977
       0.09159226393383459        0.3911800171932384
        0.5625493137625894         0.766316906865431
        0.4882543671098113       0.09114844774865379
         0.931961392437257        0.4751235197397259
        0.4009966870562836        0.5513197106722861
       0.03037775821375396        0.5589823254829364
        0.8159448875689201        0.5857260946740079
        0.2984737056608501        0.4475713066741999
        0.3309516703213738        0.3047233849159358
        0.4859305524410906       0.03479530849999335
        0.8047499902143742        0.4330862468965325
        0.8805519741870175        0.4370309423597026
        0.1790486272232387        0.2702778998015639
        0.5606622046311893       0.04967373378763117
        0.8664438127392108         0.321161476562152
        0.7609368649659128       0.06589015715682006
        0.4158713931072181        0.5505043219253899
        0.3261390883890772        0.4196588445324865
        0.2062004297891757        0.6106236495736088
        0.7516789253179326        0.4676984853179581
        0.6084431538076484        0.1040865849201977
        0.3832328460830227         0.994444457293358
        0.6279946116529448        0.7054386081292641
        0.3066874543539823        0.4960455994307142
       0.03839007207846195        0.2219414567559881
         0.170063894777925        0.2638796834433302
       0.02583986614966337        0.2906304003008112
        0.6251381135332754        0.6962747083126332
        0.2890232281090046         0.613395084414568
        0.3311842997994476        0.2145270231134303
        0.5556776577107094        0.2743936368465843
         0.733854723931602        0.8963457694252681
        0.8833475256260562         0.421863980765475
        0.2679250995803414       0.01714888448603684
        0.2213015720230603        0.4155211878793409
        0.6646050566757422       0.01718813880125051
         0.881048847819296        0.7879860804875684
        0.6820554535858062        0.3060090217140139
       0.09362821890181634        0.6094751658571832
        0.4491131023495479        0.2439115872682367
        0.4220474336176211        0.3512171857577774
        0.9072413424981768      0.005244171714712738
        0.1387940138220141        0.7109904296837734
        0.6161523258994842        0.6721419392134771
        0.6895729571634006        0.6526916569930998
        0.7886796620205416        0.3390802789016833
        0.9222478013568127        0.2187982221106052
        0.3417192070293166        0.2747128448651978
       0.09878389308582357        0.2608911810588642
        0.7980802877375925        0.3353967137156885
       0.01256771712151501         0.225621672440342
       0.02344890498593025        0.1057461193267998
        0.2750276193226931        0.3891982004722027
        0.2541556815734814        0.5945404309440158
        0.4410234034950993        0.2803429333719262
         0.723681430631154        0.9138052597689544
        0.3250017474816002         0.304370211563012
        0.5501460095344972        0.3039827343400219
       0.03781632242423003        0.5789310175521798
       0.09361251307791155        0.3455073834892096
        0.9425946096124816        0.1876045931905224
       0.07039791953862554        0.1778337481234575
         0.851804868669831        0.2844284895119199
        0.3896234791471894        0.4018143724446498
        0.2941580336824125        0.9140723612208194
        0.8141758491852721         0.853497979117907
        0.7405357918034277        0.1850534971636147
        0.1941269930322291        0.6923720648576921
        0.6972946774299507        0.4316441837617735
        0.6437968670254667        0.2939446681461413
        0.3280377929521974        0.3311864385817411
        0.2504735371200747        0.7087385992651807
        0.7696384786080556        0.3139106483563444
        0.8962672035185024        0.5628903305619418
         0.497786253896244        0.2935696757679304
        0.0255408920453143        0.2657726282419853
        0.8405630987814079        0.3440019648079798
        0.6410228328632007        0.6707525004608185
        0.3372758400156369        0.5950434419920636
        0.8951300884567498        0.4513974866830883
        0.6375590830879703        0.4555100251007249
        0.7569922719482259        0.7691153053575815
        0.5209378271651862        0.4020616274124414
        0.4497722775669717        0.3226694670906727
        0.1057336791855043       0.06594616456817413
         0.357187955787731        0.2579732412606157
        0.7562660959877728        0.5642759373878655
        0.7856801784115939        0.9267592606235797
       0.04289412267414477        0.9215198223558544
        0.9836551523172083        0.2921458679526253
       0.09560293894483056        0.7985949305389408
        0.9849982763982122        0.8660322985462212
        0.4048424346181341        0.1867989861246313
        0.5305599623687653        0.1212880025187226
        0.4874584397451036        0.7139972283658865
        0.1514177788674152        0.8786095589301622
        0.7908577186526782        0.9456780971207106
       0.01177914673948844        0.9721192609807131
        0.4084201652380285        0.3177175178573015
        0.8783229094831094        0.9731404617721361
        0.5717418675808854        0.2655689391472683
        0.4171604837150656        0.2162501691802113
        0.5165936036305668        0.3886966772119684
        0.8250542463415914         0.686718995035103
        0.6861501641610509        0.1258096634929761
         0.483014438035089       0.02366048424550261
        0.6617587351178499        0.1790617127710788
        0.4902067023490742         0.904046815727637
         0.314832736402352        0.3938009936125773
        0.6132999959139992        0.7330318706342671
       0.06665040043140544        0.1932801097498141
        0.4588047365689639           0.1312079215964
        0.2115383870841748        0.3256719113740864
        0.5678147531596249        0.2625568575378484
        0.7931048715036378        0.7135760652053587
       0.07292853950739923        0.7099635655197718
        0.3576463206285172        0.9617111207231402
        0.4788068469728028        0.3066774966530104
         0.328686519195991        0.2343284186011955
        0.3577316381582904        0.3956428437264614
        0.5692748616005971        0.8025994262246516
        0.2885572697296032        0.7820326013925422
        0.6219322982018041        0.8161364294232913
          0.80497004124975        0.1314839986695814
        0.8515657562553126        0.2656661384904533
       0.05078984473134979        0.6249204448210464
       0.03791666172147667        0.2653335864819852
         0.461588238090866        0.9135180026339215
        0.4970710787180467        0.2736204551731258
        0.7389903374273438        0.2106017969486906
        0.5844015034465853       0.03606894520669263
        0.2107621208703478        0.2789656548981294
        0.5757621203132427        0.8339566154123398
        0.3088359750219752        0.6062324682890967
        0.9490950726165955         0.440886309086769
        0.9761972124062207        0.9465497773323464
        0.6621084644398912       0.05696242863801565
        0.3675381696437841        0.2140175291289379
        0.9926122598723024         0.834252554336417
        0.2826814722505577        0.0275043659025741
        0.2658777489493319        0.6073268272627537
        0.3419863438714393        0.7644817506325547
        0.6447835595215181        0.8772854501278334
        0.5365610767508577        0.9820174276226675
        0.7669069253280644        0.4046946691157394
        0.7033041872193954        0.4334752202892393
        0.4180277857792763        0.7929959631073786
        0.8831526491712053        0.1465754039259444
        0.4928139133550933        0.7234421962133782
        0.8929924000016266        0.5232676195278546
        0.5588818688390453         0.127570073638628
       0.07022775759094729        0.3179218933367563
        0.3132615928900206        0.9875919804329261
        0.4584160123050459        0.5979192175577128
        0.2282900229107647        0.8704152637029767
       0.06933782811345446        0.3608771643228691
        0.2625010945986703        0.8558971526841065
       0.06344592108216793        0.3355956842645791
        0.3566657324862836         0.480966213357843
        0.5991483319230529        0.8860151622377253
        0.2568325154612398        0.5840875848745364
        0.7600395044655941         0.983952227454827
        0.2850877061731983        0.4690779058336775
        0.7923637627170171        0.2577606878376298
        0.1838807157068686        0.4831890484450468
        0.9583376445107658         0.780792142586916
        0.7735411509339964        0.9061244338766727
        0.2333609690921887       0.09780773943603079
        0.8546767880943585        0.5527782600792678
        0.5442176426213833        0.6659200203560458
        0.1177827148253245        0.5740881736897925
        0.6999357136062325        0.8195392008529238
        0.9953494620893722        0.8384102190581026
        0.1605524533159813        0.4050830241102564
        0.2303865804356855        0.1072575869481543
        0.6782639327465464        0.5819182728957178
        0.3004130745615625       0.04254442268876445
       0.04411216780501971        0.3932043380796132
         0.585310452859366        0.3127817266049454
        0.9224793267519739        0.1100455387949811
        0.5353706248452349        0.9740922487637379
        0.5684258362762595         0.533030799344466
        0.6486450552824506        0.7774447075507224
        0.5132004946726502        0.3607144184968556
        0.5272319966310022        0.1881678449766889
        0.5369706901144716        0.8663892302513965
        0.4037936038142173        0.5590996637454833
        0.7880490662989769        0.7406579859818805
        0.2387710545266538       0.02511364129477503
        0.0849692635588989       0.07841270979006046
        0.8824135110631532         0.723881221209572
        0.2716855114516285        0.2183912085339594
        0.5010420239736545       0.01329736970914065
        0.4888927132978453        0.8198328305626762
        0.9303839941625118        0.9637907146730188
        0.4305423644286295        0.1255193339247681
        0.6034453849005711        0.1065845592387499
        0.3666872202070066        0.9121103444177281
        0.8385594378893756        0.6684733506258108
       0.03160456103646293        0.1778573678609433
        0.2487817966475065        0.2756564753336878
        0.9583811777875503         0.512455925557002
        0.8467412911126204        0.1808804809862641
       0.05824409660494044        0.9085316908571619
        0.6921290422853426        0.6128143037405561
        0.5700035111538095       0.04901246775102649
        0.7525455349438086       0.03280646820975828
        0.3783112304915806        0.2768512075978653
       0.03824634292810735        0.8062856265878725
        0.2425267776544371        0.1475522532737007
        0.9107209019397792        0.4861997097875397
        0.5585228304822054       0.09321240991477223
         0.620973520237293        0.7019551790423626
        0.7606947876859769        0.9972973130104364
        0.5759406511255799        0.8345239785220137
        0.8445077597856427        0.6419194664662496
        0.7404734676967086        0.1375722354845972
        0.1765619116632957        0.4760494816219842
         0.963638042963299        0.8645889390104379
        0.1462987154394925        0.8425105212940875
       0.07433213715716559         0.300229266409854
        0.9532808167139175        0.7906873564706464
       0.08240090360541849        0.9119869693222502
        0.7649942080854807        0.2576559713242807
        0.4239102757423457        0.6600047776406588
        0.7002983920373567        0.9150755930744803
        0.6754936145613547       0.02118053195009923
        0.9812005040561677       0.03687254247846683
        0.7168214682655256        0.6184177745824297
