                        -1        0.9126351530178594
        0.6590184678654012                        -1
                         1       -0.8677625301679374
                        -1       -0.7800864129350588
       -0.9123420044417858                         1
                         1       -0.1009220793856475
                         1        0.5093469728428204
        0.5945739082125123                        -1
                         1       -0.2984953240389068
                        -1       -0.9727662168330761
        0.7181937105597136                        -1
       -0.7537921684708915                        -1
                         1        0.8249674139628655
       -0.7726719071150014                         1
        0.6457746333718393                         1
        0.3841329995669593                        -1
                        -1       -0.0924124499760991
        0.8239540567701693                         1
       -0.6220906179700643                         1
       -0.2060230482816805                        -1
        0.1487317220394122                        -1
        0.2344096540913381                         1
                        -1        0.4289424294917688
                         1       -0.4013417025418961
                        -1        0.6493201476812194
       -0.8762764585624919                         1
       -0.8234333320723137                        -1
        0.4906061372354815                         1
                         1        0.5270734491543723
        0.5234612921954931                        -1
        0.8774989096749004                        -1
                        -1      0.002206450742018751
                        -1       -0.2622988369995356
                        -1        0.7171451223653278
       -0.9419268825782974                         1
                        -1       -0.7713626575643567
       -0.2921854813454761                        -1
       -0.5866944816119709                        -1
                         1        0.6190381494516106
                        -1       -0.5690167125397689
                        -1        0.4465934453916813
       -0.1039620187159308                         1
        0.8900349920968491                         1
       0.03945144215674401                        -1
      -0.03786609002711605                        -1
        0.8052796859297178                        -1
                         1       -0.6861030188024437
                         1         0.928808328560633
        0.4815798296190972                         1
                        -1       -0.1863461012386609
       0.08107720360091575                         1
        -0.708488471685691                        -1
                        -1        -0.275476752481239
       0.06222169051962667                         1
        -0.461429473721645                         1
        0.5225696048466399                        -1
                         1       -0.4176095423678056
       -0.7635780590541555                        -1
                         1        0.7548259028959599
                         1         0.898351087087377
                        -1       -0.9572675339701173
                        -1        0.9828123113876457
                        -1        0.4090550538382183
        0.9882911088703716                        -1
                        -1          0.12405801331468
       -0.9569692229674416                        -1
                        -1        0.4968131889249867
                        -1       -0.7296123820171979
       -0.5953043231932345                        -1
       -0.9187512378804205                         1
       -0.6881185545229687                         1
                         1       -0.7026365984866134
                         1       -0.1095853695694903
                        -1       -0.5426224430997241
                        -1        0.2792367446861372
                         1       -0.9957601707411189
                         1       -0.1743168445620272
                        -1      -0.06024174353422918
       -0.4829827461119688                         1
                         1       -0.1920437632518023
                        -1        0.1685969815757742
                         1         0.368689331791151
                         1        0.8217565573822956
                        -1        0.1911096950322821
      -0.01935453579319379                         1
                        -1       -0.8337140511034816
                        -1       -0.1777753286394186
                         1       -0.2112169886476493
       0.07607249866896115                        -1
       0.01961150993780914                        -1
        0.1681513390670237                        -1
       -0.6099415596826729                         1
                         1       -0.3114142796906959
                         1        -0.187517961151719
                         1       -0.7561898053548423
                        -1        0.4447646808256374
                         1      -0.01583070826129518
      -0.06671287453384345                        -1
                         1       -0.6524442516694968
                         1       -0.4437776028676087
                         1       -0.8623574254466033
                        -1       -0.4779759168332206
        0.6587662470856397                        -1
       -0.2969557016047875                        -1
                         1       -0.8265583402692427
       0.03397524865193779                         1
                         1       -0.2061794219986358
                        -1        0.4440953653680169
                        -1        0.9336084405493115
                        -1        0.7414991592728037
        0.3763714429085863                        -1
                         1       -0.5713799798954118
                        -1      -0.08818059842639547
                        -1       -0.4838695589184644
       -0.3956762847789463                         1
                         1       -0.3291653838964211
       -0.2826065520587963                         1
                        -1       -0.2670388684375783
       -0.1222611801800114                        -1
        0.6987047668109416                         1
       -0.9922641329435357                        -1
      -0.02687900566364909                         1
                         1       -0.4189392018526814
         0.888834977371026                        -1
                         1       -0.9221712164259485
       -0.9316344018743299                        -1
        0.3546019611885085                         1
                         1        0.3244991615295234
       -0.1425909983179446                         1
                         1        0.2436820031621987
       -0.4365717496259317                        -1
                        -1         0.648002217272853
        0.9732671667586965                         1
                         1       -0.6414862143258215
        0.5411961438909618                        -1
       -0.4735810083957633                        -1
                         1        0.2002890887969322
        0.2587164748069068                         1
                         1        0.8395398713792772
                        -1        0.2407174124848459
       -0.2624472665349262                         1
       -0.9528255117862359                         1
        0.3053339585463375                        -1
      -0.01200473640300226                         1
       -0.8898861221514494                         1
       0.06526677540713677                        -1
        0.6504414889325192                         1
       -0.4292473408831023                        -1
        0.5099678623205086                        -1
        0.9134974329250842                        -1
                         1        0.3850930161904951
        0.2583243423680257                         1
        0.9519312743706034                        -1
       -0.2121725693817603                         1
                        -1        0.8715670153775337
                        -1       -0.2831387488936995
                         1       -0.5846076093761687
                        -1      -0.01963437960052983
                         1       -0.2520026263486551
                        -1        -0.615337464799611
       0.02322945413516964                         1
       -0.1437772462334639                         1
         0.582434513328159                         1
                        -1       -0.2948066188836205
       -0.8148429514075775                         1
        0.4080104014130344                        -1
       -0.2452693392200492                        -1
        0.3430043771820002                         1
                        -1        -0.211278546275889
       -0.9585265591569374                        -1
                        -1         0.815108940754719
       -0.4640311251975527                        -1
                        -1        0.8698250687019311
       -0.8500686678416394                        -1
                        -1       0.08459288764821848
       -0.2473363342381332                        -1
       -0.5894414585251266                        -1
                        -1        0.3301412952967755
        0.6847512328502621                        -1
       -0.9724450753887969                        -1
                         1       -0.5657616525958218
       -0.7560947927570634                         1
                        -1       -0.6412780516231156
                         1        0.6948742296093859
        0.7511785484630036                        -1
                         1        0.6495165896893189
                        -1        0.4267159734223933
       -0.1846334241689455                         1
                         1        0.8638574619091033
                        -1       -0.3189273492415107
       -0.2119580978999313                        -1
                         1       -0.9627683292920648
        0.7526896212035863                        -1
                        -1        0.9424607612762022
                        -1        0.2431874122015514
                        -1         0.833835188125243
        0.2680084477757452                         1
       -0.9615364707847575                         1
     -0.006932097077136934                        -1
        0.1668505263675859                         1
