        0.8678861517025132       0.02548033301425906
        0.1382593977751055        0.2106355902494077
        0.2027080852020967        0.3299182070669527
        0.1128029552289577        0.6893087333545876
        0.6425080688334164        0.1980731584533535
        0.8449549399223831       0.01450599084352496
        0.3465083093959745        0.6311803033232419
       0.02421264565385182        0.2925891221533036
        0.3726213046287663       0.02535575712527839
        0.4082530361870932       0.07614310095706563
        0.3363434020187414        0.5271263548578361
        0.5657576041024228       0.06597690928224223
        0.5820808219056474       0.09518558057239371
        0.5198755594247327        0.1710058817353096
        0.1583827865980595        0.3339330437662408
       0.09131293226160804        0.5810886463195706
       0.06072222063745558       0.06085343823839897
        0.1130573477916513        0.8038078667951536
        0.1865861823510379        0.7460967027551219
        0.1872304704490247        0.1888739525906796
       0.01354408335405302        0.1234473928758886
        0.1421531294461053        0.6526514630798173
        0.2608729272774193        0.0305294609361447
        0.4999222000284034        0.2322951552002157
        0.2190707288825284        0.4483930123716779
        0.6882063501209322        0.2177760732580721
        0.2284463896883012        0.6583584785278994
        0.2524233761238981        0.6256663532307958
       0.07013281348731641        0.1182453697593889
        0.6408345461098207        0.1339764813339398
       0.07357573552485544        0.2899772440325176
         0.894406181437423       0.08808818735965834
        0.1986478289506433        0.5197592083862306
        0.5296185264099819         0.362271994927588
         0.766534415129036        0.1323450181380573
        0.3881724477657276        0.2419069092246584
        0.7647806190186457       0.07622949423038687
       0.02718749263179838         0.601271203437221
        0.6045885787267903       0.07334923902354425
        0.2296870134049653        0.6787007360986161
       0.03641014597257431        0.6049479898678443
      0.009252041781142804        0.6153188281136955
      0.001637627071569888        0.1404638419986299
        0.1173311017874947        0.7817270685878032
        0.2322876220286255        0.2127845595443067
        0.5336839548664261        0.4261284842465232
        0.6023798555433568       0.04818060553916256
       0.04025865784409936        0.2629439763414897
       0.07865385366737027        0.5643408767050735
        0.5948280204761458        0.2250038295918191
        0.2911141378048178         0.659304022432652
        0.4203699633564971        0.2207512721101887
        0.7128269966062675        0.1484371865316908
        0.4875983181439212        0.2233358538895509
        0.6547024304604967        0.2089724021964954
       0.03532614376959774        0.7685412971836391
        0.6889099601138299        0.1523778818706023
        0.5739762722170169        0.2208925011408709
        0.2691418924354169        0.4386406806925691
        0.1203860928218108        0.3185937454788841
          0.19535547668992        0.2107919590711842
       0.08364402098702746        0.3423078401143734
        0.3336089563698922        0.4734891746336938
        0.8151547923074822       0.05888304931591061
        0.6319071475538331        0.1774059388558208
       0.05365838286658572        0.2223534827411296
        0.1185017131389697        0.4004202462121909
        0.6074068556021764       0.08773954974375442
        0.0913155910454226        0.3983551943714028
        0.5402665758503826       0.07330990928940333
        0.1255750004457684        0.8583687757132699
        0.6659490312185448       0.09934844600839832
        0.2337791145491795       0.01003368658752933
       0.08658056674517418        0.2337764332932648
        0.6695476869659144        0.3110392680161136
         0.272178265316458        0.2584446756926736
        0.5810251033331822        0.4048583225410944
        0.4197544572301117        0.3939701296547955
        0.3192594452267034        0.3739453889003415
        0.4687348749917423       0.03002767154159769
        0.5022695541269777        0.4325945831351546
        0.2133043995947108        0.2308979869535028
       0.03848084535059444        0.1296638474509444
        0.4450053820926022        0.4627762546489405
        0.1217702466191088        0.2882547717360429
        0.1525940845389008        0.3136162550294311
        0.2102743047553965        0.2153788843547174
        0.3026805067706677         0.473909923567402
      0.004564219460886042        0.3554642375047706
        0.6146889835539562       0.09318604541147885
        0.7644408061935151        0.1556673160861477
        0.3532456090253824        0.3203621400009303
         0.225359637557777        0.1012320278752818
        0.0920247559391951        0.1922698483559082
        0.7470459510719791        0.1678855796556312
         0.453347493307583        0.3250060892058582
        0.6299819415688293        0.2331479605924585
       0.03288359777592811        0.2029128088263263
        0.4688474649400201         0.426065347950335
        0.6155821496405209      0.006473812041702425
       0.08312232039178295        0.4054697445396149
        0.2749611747980336       0.00601074373589895
        0.5161705152303715        0.3754502837786809
       0.04641065146110406        0.2361348230106971
        0.5107654401003047        0.4135263225122812
        0.2989851476595168        0.2885852243314135
       0.08961426142515511        0.6472554030139809
        0.1371829228838605        0.3380281393919552
         0.310239936744712       0.01541240449527702
        0.3016799194603864        0.6886859109476302
        0.1226853810044519        0.5366525815854587
        0.6768834792390472        0.2779166713139136
       0.01350927607442098        0.1909809329338157
        0.3131399044367901        0.6401271930136707
        0.2220625358697797        0.7146361633156516
        0.0248212322304816        0.9554649402617653
        0.5084079373495287          0.18929087349777
         0.563863446791473        0.1900501589453143
        0.7859424472578017        0.1506856375767623
       0.04219020254122905        0.8429663645548704
        0.3926706898177696        0.2554307865637975
       0.08896151769620436        0.5465899277570357
        0.6867318541862302        0.1737886691385294
        0.7039762861833411        0.2577397860445065
        0.2152440828913167        0.2146240080422385
       0.04822702445333996        0.9027315891215006
        0.0367744081281323        0.5165920398205964
        0.1805997970082591        0.2048846457485468
         0.136750751633161        0.3299831547992396
       0.02313495856903065        0.6000458565320027
        0.7928468255746354       0.03312453543599422
       0.05957927601386912         0.684504411808433
        0.2651035638745356         0.530857840541935
        0.3822990177344568        0.5713209580000194
       0.03249186927556614        0.1796169303761299
        0.3011536951301144        0.5631514448689473
       0.05514726300700724        0.2723434558365215
        0.1515908193472076        0.2143727344583158
        0.2303904148537552      0.002507859310285832
        0.3172309711275859        0.6669933850075981
         0.274560624544037        0.3258438472161007
       0.07561449565980148        0.3596119316792246
        0.1299787273554611        0.6086799090674913
         0.633569832760484        0.1421241843438143
        0.5650555769693548        0.0564911463076128
        0.4172190566678932        0.1823047593251584
        0.5350537480854572       0.01813820368893047
        0.2501892070241124       0.04279848061316082
        0.2618425889399909        0.1153499483360738
         0.192386580514547        0.7497816096145534
        0.1793752790941585        0.7418336992472531
        0.1787078760857033        0.1826480362245872
        0.6341767272540747        0.2089715472349932
        0.3665103111971725        0.2341426285923127
        0.3896546243621101        0.1572480643593689
       0.03370780258153987        0.7079392349516554
      0.009254989739444441        0.3125257154233598
      0.006209050696943212        0.8278875881249085
        0.2032658075318913        0.2451584406414088
        0.2156929934660123        0.6876110650520074
         0.885260343496784        0.1117257880657849
        0.2461023580144917        0.1782840999337285
      0.007877591376109995        0.4411425078748156
        0.1994531721148371        0.2175880441763438
        0.2867979955774178        0.1878917695254097
        0.2652711377238715        0.2189699219256439
        0.5110043183214635        0.1814559152871164
        0.8109986888355188        0.1853062719398745
        0.8201781449330161       0.04961204269253525
        0.3330510793709938        0.0437682757995507
        0.1270063245505446        0.1915862166030491
        0.8221306100933571       0.06853646243247326
        0.5473025716228608        0.2660017437339816
        0.5137613765409986        0.3899803706704601
        0.3777386618160983       0.01534220598871745
        0.3760018657206846        0.5582089987642479
         0.464809650002002        0.2521244246632821
         0.216604891165338        0.6759414214661407
        0.7590875787844992        0.2371484331155297
       0.04356819413568148        0.1633207951425251
        0.1057117952217855        0.1826486585060469
        0.1893904191897627        0.6469559049162761
        0.5310963314800715        0.1256333967647864
          0.18717710425561        0.5448093225441745
        0.2274926525462949        0.5585521252372695
        0.1097068533622642        0.1171389710500362
         0.191230934506996        0.5135721796469049
        0.2373821417846209        0.3013402520747229
        0.2489771323409565        0.3356935671695563
        0.1491931101893351      0.009290411995245702
          0.47791323639677       0.09797643627778665
        0.1799724537723066        0.3639224757088577
         0.190339989023926        0.4142377705707937
        0.1567120510286552        0.5100412506990596
       0.00543074780096658        0.6511086212325536
        0.4371548317285436        0.4200454124294175
        0.2552721532867422        0.4367012606233645
        0.1117582764327498        0.6565542004879921
        0.2945484016123449        0.1220658742627002
        0.1467397542228331         0.554488067583517
        0.3716654133644627        0.2685363936870461
        0.1608663394999095       0.06433862061807855
        0.2407140547107255        0.1804178500534146
        0.4485493301143781       0.08324261665120292
        0.3048219169161326        0.3315028224043799
        0.2798273866584344         0.481903038047913
        0.4060980280544201        0.3353323613897242
        0.1298018689001531        0.2280936648017173
        0.5546715593820268        0.1631179701023441
        0.1105170083685428        0.1796505684555503
        0.4884299194956312        0.4777423139604263
         0.564836008425753        0.4261315090912312
        0.4796741364458911        0.3599090194785711
        0.7414550348085418        0.1794720189016226
        0.2288864547369215        0.3700951949850257
        0.7425941692518038        0.2247829327983038
        0.4822221462182962         0.349648581267319
        0.2155189185182402       0.04720424244219099
        0.3547464397717628        0.4134435447583979
        0.2823588509993387        0.3053604849724464
       0.08506213521094998        0.4072317659132253
       0.06602356759692644       0.06017844316893477
        0.3407100705400782        0.6369411556806118
        0.3786486567563344        0.3864654543702026
        0.3077665542581831        0.6266378520378816
        0.2435539160345369        0.5577845726678478
        0.8445578466829066      0.005056641848785294
        0.4407023527095063        0.1771249430074502
        0.8986737871648893       0.02469907351367876
         0.437769199683863        0.1029386843800958
         0.511911203241735        0.2829142310693069
        0.7322522167746297       0.06946884852359637
        0.2546418558635023        0.5378204630472412
         0.099873469043621        0.4119820014146334
        0.2952082401289833        0.4979667715992273
        0.2263286726251985         0.130198018657495
        0.5254139465227924       0.06280928336617979
       0.01957369330409075        0.4941361545227696
        0.3880766395829878        0.1195241029142482
        0.7885767150023326        0.2040604932512277
        0.1644624676541824        0.8103130144152448
        0.1497694508000662       0.04314791345549383
        0.7441672961519114        0.1301231177726611
        0.5597093230508949        0.4165736001591987
        0.6138340429400738       0.09555474913314238
        0.4197972287372618        0.4971721357938033
        0.2057912887601039       0.03936773031937207
      0.002823557756044903        0.2267644218120769
        0.8416674885653951       0.06705461304496517
         0.097691107172945        0.7190694513600848
         0.636886271232798       0.08569003326571116
        0.1177241798445182        0.6765168615418736
      0.003915418753799453        0.6222903667323083
      0.001014043980980647        0.8671203401034731
        0.1509259279108787        0.4845394492590418
      0.001696775778322293        0.4224654304876485
        0.2739215613002023       0.02472562704663015
        0.3808393797735488        0.5603899585805687
        0.1101811213511669        0.6510943949298876
        0.4889156979119202        0.4477971233559367
        0.2913762903877922       0.07864638024960915
        0.5418618786633906        0.2593033562371595
        0.5261572175178648       0.05610435715743736
       0.01965865454982921        0.9032623688927874
        0.2403974221683239        0.6191486132962887
        0.8967365949654342       0.01683877843897016
        0.1586355711615393        0.4890616157536868
         0.377131081878861        0.3470498124554661
         0.642882021971001        0.1106758307091719
        0.3059415785261523       0.01209557608436875
        0.2068357985888069        0.7386876411651244
       0.09844426507275018        0.2283017082503166
        0.3406707912259875        0.2762090883211287
        0.1079936874192871        0.8549645630159889
       0.06498514446809979        0.8914397034728855
        0.6338083438121079        0.3395675232142987
        0.1102289749923351       0.07620041058015353
        0.3634461461746825        0.6098060446904278
        0.5013920955169591        0.1947438512261303
         0.153832433877838         0.080598439118029
        0.4696656560386722          0.22150126336908
       0.02170671035387449        0.7580191583612006
        0.1005922519685113        0.6102574741513727
       0.03809800953258384       0.03648053077382438
        0.4104818334085027        0.1283778002486856
        0.2133405711214589        0.5312547701991498
        0.6595880486242707        0.1545989921567519
       0.05211461119127667        0.7079093660240551
        0.2892790761483462       0.05715690667725695
        0.3328496731189726        0.4492925379550493
        0.1675729552794081        0.2290048803835981
        0.5786746045432982        0.1853471230707109
       0.07572283631709496        0.2453637991206104
        0.1568766257489861        0.0752772716185071
        0.1731493199349943         0.591166370284661
        0.5019462852121525       0.06628062803675774
         0.123859383212843       0.09579698024262308
       0.05259925288034015        0.7048092960409865
         0.373985603402883        0.4347687537801428
        0.1003213403948193        0.5850818906514241
        0.2022639918187314        0.7839223726053619
        0.3796802672482185        0.1171319557395235
          0.65209394991128        0.1737772614629468
         0.329632678099375        0.0685681449312983
        0.9785697835315368      0.007979863500943846
        0.4187126279044248      0.009746011401095512
        0.6273270553205953        0.2750432350477997
        0.3026258317913348         0.663606910648191
       0.02615849202439761        0.4601078610745817
        0.3559122451413312        0.2987757175156812
        0.2860134490804439        0.7041409871254798
         0.484956212537699        0.1457638911567661
        0.4525838486584851        0.3117216211519324
        0.5589576047949173        0.4147649067005483
        0.3648440644412804        0.2491574144349478
        0.0943181146479744        0.4059474635243128
        0.3650267459761524        0.1602133370566771
        0.5803550384098963        0.3549839691759059
        0.1489839766720014         0.143669281300335
       0.07453057042621446        0.6341918414926623
        0.1917914573035873        0.7582950422430599
        0.2436708656468388        0.5610122240979001
        0.4445889281459836        0.4105636584981108
       0.03791735609000515        0.2058659547031748
        0.3180860380559978        0.3648286713075764
        0.2615953856835437         0.698406395461431
        0.1956387189329524        0.5356433486760562
         0.284473014808526        0.1423401861792157
      0.006672128938537998        0.4189156997992347
        0.7485302316326906       0.05622601104921754
       0.02626758168026942        0.7182237384065305
       0.05656295105871426        0.5212788036560072
        0.0180204923795571        0.2822514865421569
        0.1608017652828715       0.09726412259496303
        0.1491592629471854        0.3921725814919548
       0.07957668736810596        0.0250141567456018
       0.08350890311465048        0.2014703646856659
        0.4568847087527002        0.3331999258769661
       0.05951205250694817      0.003046983980512585
        0.2724314419998504          0.31749498389037
       0.04479567028639702        0.5211062845545206
        0.2373276261958971        0.2041995418973369
       0.06041579954801471         0.680458234946155
        0.4938221217180275       0.00632288803893442
       0.03742361282684362        0.4069365721761705
        0.5483914740015668        0.2554215226004494
       0.02987539548153398        0.9465267651135416
       0.08689375669366577        0.7764945138077191
        0.2130072656071826        0.5230561672958239
       0.06947622588123195        0.6762465386679076
         0.670382109974241        0.2902155035553892
        0.2038468962901782      0.008775694063237001
        0.0110890616432031        0.8379068920334102
        0.8850867183413827       0.01121076444392631
        0.9049654215432541       0.06902691878757761
        0.6744546133279553        0.2261249744499464
        0.2931520952381236        0.4853950288825262
        0.2557170060093227        0.5108933252561166
        0.2157271783165466        0.2259290399438953
      0.004875570530675232        0.1136649498435786
       0.08969652216946909        0.5615461062452022
        0.2342272355306974        0.5075355136741917
        0.1114316429164175        0.3333288304824312
        0.1558270539494003         0.495633770210728
        0.7216498014648736        0.2191046788855187
        0.1115731573648746       0.03992478079981686
        0.2462349044495905        0.5984609454501179
        0.1870409162619888        0.6363805066369201
        0.1887723543788066         0.788132956241963
        0.1275620730198332        0.7859788917694861
        0.1106776149538071        0.2890488766405659
        0.1619039602801163        0.6401471767978458
       0.05788155605376866        0.8771634789620019
       0.05219176684699056       0.09558610531080775
        0.6720538746814781       0.02550374042615257
        0.1276318971088024      0.005292374729154326
      0.005162632933192006        0.5090437802528426
        0.3323535213467875         0.112454750072216
        0.1981375441245888        0.6430484766274565
       0.03120389776570334        0.1426315179699263
       0.09116938781637449        0.5837681739987119
        0.2743289943868197        0.3344802813575093
        0.2935907206813237        0.5894110799699724
       0.04189540608161554        0.3239275628490356
        0.4117751067101161        0.4515814899105378
        0.3008805458480829        0.5962263401634287
        0.2935504342615352        0.3814977905077251
        0.1025398174724659        0.4896683794682423
       0.09245940187197188       0.02053854840284824
       0.02654471116754112        0.9301418953129287
        0.4826868817713164        0.1310412433105212
        0.1480911985258708        0.4826716959337043
       0.06109863447942487        0.6607129146617031
        0.1260904220408898        0.5986036042054839
        0.2743544677839773        0.6644479115773758
        0.6388619685783261        0.2268485921688191
        0.4288194731429023        0.1037668071884885
        0.1746066949377977        0.1339372309537968
        0.2003998361114235        0.6015867980704561
         0.370859978519388        0.2589165725723557
       0.07712012696617021      0.002240085875992746
        0.1337276568838114        0.4440344417869803
        0.3236151723467373        0.3768457864712058
        0.2959528733256239       0.06960966606228616
        0.4886592024494527        0.1831239160414257
        0.4341311100015902        0.5576651386929194
      0.001662338710949132        0.1135256070609099
        0.4281788822714811       0.04789625603336829
        0.6241479961743077      0.006137447840734886
       0.01475679000760687        0.2086122001077745
        0.3978830895026026        0.4565884404039772
        0.6579908911807958        0.2499491932967226
        0.0274831848205062        0.4159419178493585
         0.267428556138982       0.07030680246066458
       0.04043627762603535        0.7630472190628813
        0.2473360836004332        0.2116121914238813
         0.235754441253782        0.2735016454782965
        0.6418931563251984        0.2522862588428534
        0.2504952212456915        0.5493376793192876
        0.3797613448678731        0.5133879679177697
        0.7386641005468253        0.2235646009461319
        0.2403363313063323       0.03819246984399905
        0.4489291134163533        0.1519390376439575
        0.4533759550297444         0.469300317180224
        0.7287282027873593       0.08014570522466109
        0.1465147686673037        0.3230608442629057
        0.2482257438500482        0.5451451256158566
        0.2357673100405464        0.6951678409421318
        0.2278829790805114         0.437065072216222
       0.08895588439968051        0.3076637745289665
        0.2960100788259286       0.03772167098272348
        0.1246724594168996        0.2900724501423976
        0.1251988424165262        0.7325762634187905
        0.3210517712718456        0.1092463571061993
        0.7898249251144652      0.002455423161607156
       0.01317708550559154         0.386697997123729
        0.3060311563420986         0.513061405148777
        0.1219804668907934        0.8029728750458262
        0.1157992424024563        0.1312439595211409
        0.5856497394859127        0.3899728873772916
         0.699751688478445        0.1574894558676431
         0.356846598091018        0.3476117474744631
         0.157863239477977       0.07704934500768626
        0.6388928154875008        0.1620021726065328
        0.2451354730619815        0.1042201525542029
       0.09413202238320544        0.8171530007027722
        0.2381431864548582       0.09290313709366076
        0.1168914426348316       0.05909433632525533
        0.3380220912831872        0.5151989801182415
        0.8459590122475801        0.1365190244393641
         0.271528892045824         0.389722331274145
        0.1856347435998853         0.567690486231594
        0.4738358348730386        0.2384284465199998
        0.4861020185195333        0.4358295364731002
         0.516895990447078        0.2378760096503156
        0.2295796669016655         0.620547936786485
        0.5535146477572008        0.2932596355848663
        0.8840823866171214       0.08865528960460958
       0.03742926032392335        0.5402968833611573
         0.350195074513063        0.4306479899961402
       0.01621070342989685        0.7758904751676498
       0.01003689648584201        0.3358527822349526
        0.3287144845487833       0.02941470040684376
       0.01792474475070395        0.9655970578599238
        0.3837467222210171        0.5793672469700291
        0.5089102963985271         0.313281489199382
        0.1480752129791532        0.3453080460666683
        0.3404675930341846         0.176261829748618
       0.06869191195024678        0.3218025579040314
        0.3980249836105139        0.3531276527781073
       0.09634231113329682        0.5480599073922554
        0.3782841517027121       0.03284980482070006
       0.02169623678112284        0.9010727549977248
        0.1254862775496786        0.7030958467398987
        0.5964534992421885         0.193904088218118
         0.564214453178315        0.3384858997729368
        0.4539864346927369        0.5129561712317824
       0.01133188128762307         0.243047029441125
        0.0018266339879992         0.241682415252484
        0.4158324418463807        0.1165401553869413
        0.1097884134177545        0.3458582452616435
         0.249088381538159        0.5423654025384248
        0.3504543351868978         0.195300509980714
        0.4361518235809015         0.531179791642936
        0.7032172725054475        0.2117559843910669
        0.3576629001676288         0.373622524033327
        0.5150091700376429        0.3355290123894183
        0.7835733448053981         0.208264349665652
        0.4276060035227937        0.4355709731583182
        0.8289460579343622         0.140582586246542
        0.4523454911240157          0.20257338165119
        0.2434793661527737        0.2745313480047449
         0.761213950172516        0.1769158952704956
        0.7614999253239904        0.0312085533419798
        0.3470672839823578        0.2610447467503731
        0.2902168888337779        0.5128656963784102
        0.7927633150886534       0.04451253936672765
        0.2741999836119984        0.5341902860381524
       0.09958403044865043        0.1484012057768751
        0.5347774393391718        0.1045862329336525
       0.05493062568522582        0.3698847211415878
        0.5926195891643276        0.1542958573087401
        0.5725786410223818        0.3826783908835128
        0.1589771493234174       0.08581603597532962
        0.6746390942740024        0.2717766731521801
        0.1126312819769978        0.1652575590520987
        0.3500332477209691        0.6366140476464216
        0.7334991093875082       0.06727691031357813
       0.02787988519713928       0.04228377449408955
        0.8632449629221247       0.07960329036027627
      0.003617893857355283        0.9176459641808724
       0.08934519701453489        0.7386346053997207
        0.4393313447625647      0.004844648547295777
       0.03135906784741922        0.2911516384632559
        0.6122545355771083        0.2404000885016009
       0.07878400608862095        0.2122101106581549
        0.0407671806986552        0.4305487500079772
        0.1274726606961206        0.7480096378949126
        0.1044521112080837        0.2746775991253622
        0.2594918039959303        0.3569283223740571
        0.1679446918998729        0.7815051047412399
        0.4670329273530657       0.07099454696379102
        0.4768725232825411        0.3627087328694289
        0.7012297743173744       0.03348353359115144
       0.07058918847582892        0.7027183556940004
        0.2308576231472085        0.4333242492798652
        0.6697015929248142        0.2092249737664801
        0.2159316121243214        0.1411785337263478
        0.6707515637017467       0.00389607937418194
        0.1563366905000032        0.5295488735317335
        0.4987022623163777        0.2302844551125487
        0.2140592009555374        0.5873960870425579
        0.2266151367519996        0.1746279233160137
        0.1559921118900153        0.3527062919176194
        0.2682705636214003        0.5904437929265923
       0.09979502891335192        0.1131165422214733
        0.1911230467557536        0.5900107098647686
        0.1641437741163229       0.07636222422861016
        0.1694071051263516        0.3187361748657342
        0.2925450217869509        0.5851251417084686
        0.2603978308412696        0.4589845339481065
        0.1636371016988648       0.01522390866862578
         0.705242324454021        0.1218148145409303
        0.3322845744703627        0.3108705900658498
        0.1695854829101225        0.7725932853655744
        0.3911065183923825        0.2763591556861028
        0.5959859890005327        0.3459437250133626
        0.1570059471811154         0.629009562476384
        0.5147680338728042        0.3081688636971884
        0.3330460816636067        0.4834433086566269
        0.3391566492264121        0.5268622441983031
       0.03750158317444505        0.4676058123826111
        0.1180185365041727        0.2351762325508943
         0.137401980982707        0.5954369336753589
       0.01347862294191897        0.3815251763953033
        0.5491695558921593        0.0510077464383265
        0.3062317398715503        0.2962221196248881
        0.1979689399061998        0.4529800542651305
       0.08282418330439299        0.4651871773070857
        0.2344093262744355           0.2298920295523
        0.1584435537934088        0.4405196726986029
        0.3899694819796471        0.4885416075293958
        0.1711338107534038        0.7572865567558569
        0.2300618758877213        0.2792689189376616
        0.7098880180427443        0.2564932990342008
        0.5583581287993509         0.232681612389764
        0.6330840502785918        0.3023838426038606
        0.3914687903749137        0.2215260440947416
        0.2333550898719826        0.2200379841992401
        0.3206817028492568        0.2812151213961077
        0.3747691901405647        0.4535124317859797
        0.6140565656569916         0.126610182043306
       0.06958611361167653        0.0219432021073798
       0.06151139835004875       0.01240290342706721
        0.9072423332898153       0.08691612572550393
       0.05276704466460065        0.3317386309068801
        0.1830819283385649        0.6093621607764718
        0.1431077802002137        0.8019158043897803
       0.04958610062689659       0.01180347666083829
       0.01365811735870204        0.4325202238303663
        0.1811934965900445       0.03802443878155207
        0.3553226160728006        0.2342993228271002
         0.367400790556729         0.525629400247333
        0.1330148861060775        0.1333081730407337
        0.1489828962490638        0.7664939734431283
        0.6788248541706954        0.2813641677425519
        0.4485553325503707        0.3616925092557992
       0.06660970630106501        0.5808704937189814
        0.1785583245029513        0.4654508192928819
        0.3708506104299366        0.1870872753668024
       0.07272057008587354         0.105870390002283
        0.2429729076507732        0.7293342680750216
        0.2429698545030778        0.3899479711761595
        0.4259912903945676         0.301790246245585
        0.2780598807262171        0.1085305605040364
         0.266093495082631        0.5140111786547356
       0.09015180462032296        0.8430795971265093
        0.2775537796098209        0.6240040093011405
        0.6091277397956719        0.2469684565553353
       0.04337220148527696        0.3351840540270418
        0.1261647847661444        0.6497750929431348
        0.5396873031371837        0.2529274571931981
        0.2892521234690733       0.09513561924606877
        0.3648680159019281       0.03808854968766172
       0.04902968610076635        0.1117979301671145
        0.5298389962404543        0.1850832414001753
       0.00510662066124454        0.1248006273058176
        0.6633804066963576        0.2445566408357399
        0.6026708665152473        0.1508424019608945
         0.169667439622251        0.8068162436819705
        0.1743716605918224         0.594372842676687
        0.4308724569321046        0.4495763281812722
       0.04515002810316512        0.6977282726680089
        0.2984901035206936        0.1043517546604716
        0.1098406895019874        0.3887334798677869
        0.4941244092552838        0.5004918804341614
        0.2814366799099371        0.1855728546591437
       0.03626686975825517         0.697394051364195
        0.3146561021074527       0.03660716282409928
        0.3824654752735848        0.3611355394028444
        0.2570744215561918       0.06073537743223983
        0.6491919233822441        0.3312758124558388
        0.5590813283684294        0.3372358542492997
        0.3589857511244168         0.448417986405984
       0.07782889737367493        0.4525536562159479
       0.02541669803669764        0.3751886483548667
        0.1156145731117278        0.4364471374155587
        0.1311367235280731        0.6898671982857847
        0.6365819900247274        0.3551006607938988
       0.06058611709391382        0.6287748065406356
        0.3590342116649095        0.5460174581262367
        0.1104672539583663        0.2453664033297341
        0.6799520559746884        0.2033581676511098
        0.3369033999634441       0.02338984568010255
        0.5138422134428737       0.02158781735778268
        0.4789021193759065        0.3294819825279821
        0.2866890316537706        0.4382143561586569
        0.6858203693877313        0.2552956383285365
         0.525262171117714        0.3367716955068644
       0.05542307886769857        0.2644083833408376
        0.4800053658207625        0.4956397907377942
         0.102655085023566        0.4139873175381854
        0.1206707535178517        0.7543722201187809
        0.6456250181041819        0.2345119650161077
        0.2461828104122262        0.6062611625780487
        0.6714992081110227        0.3009084906934862
       0.04365422428963701       0.09985880191643479
        0.3918649418738286        0.3157069282733903
       0.04844904301823948        0.7619474545338998
        0.3678069836448208        0.6115592457116358
        0.2591813845359549        0.3449057145742644
         0.448955473026352       0.04232386097859289
        0.1760931986955775        0.2326576651808634
       0.06072915037790756        0.3995571438314167
       0.06693710537544183        0.5161608949336787
        0.7407762330526717        0.1487458872299266
        0.3303498204423942      0.003268612282824045
        0.2280592971557616        0.2130660617419915
       0.07477696915091478        0.4936608952207022
        0.8026105750753687       0.04005251524352953
        0.4095958788207732       0.03651834729845235
        0.8097469477670239        0.0321996895439495
          0.87395151411163       0.03225627347517745
        0.5156639511113454        0.3263404302541709
        0.4254687186703771        0.1059926603518326
        0.5373160568025497      0.002645471596393932
        0.3014319336949376        0.4351249603757116
       0.03073139243966713        0.4628804270221106
        0.4956069441505566         0.467436022355602
        0.1364303132271075         0.083487912362293
        0.5251775592401577        0.1197906488855093
        0.3939219596076843         0.360580218307444
        0.3168837138653402        0.6581254473596801
        0.2021483335907813        0.1800460182573256
       0.06584912035076401        0.7107159084834677
        0.6071530418570111       0.09253017246490845
     0.0002281747666032981        0.5636685714521653
        0.6105771863444643       0.07483401172382251
       0.06516832083299483        0.7584961892102394
        0.1309848762903155         0.538259770939842
        0.6466688418270143        0.3281359519282304
        0.4916008734955488        0.1222868412607563
        0.0681889239118488        0.2630423371384117
        0.3409230278107854        0.3800769695347192
        0.6479703218176939       0.02115823830870265
        0.4883951228022575        0.1181428434812136
        0.2562581904188209        0.5309676792134165
         0.689922271170239       0.06645664435026027
       0.01358913284999578        0.3191593604708446
        0.1485241696091613        0.7640159417064989
        0.2490546207913366        0.1017111016998399
        0.4266757790623547       0.02027260641877538
        0.7621122378466622        0.1919349616097636
        0.2327180918346171        0.5699405111425281
        0.1034083153602851        0.8127545722844146
        0.2762761164376734        0.4593595532796895
        0.2164247951701746         0.374006927024547
       0.01736105438732627         0.832312486504649
        0.1375932251409661        0.6885809573371545
        0.2357025532422986         0.210744772457222
        0.1754533163495362        0.8049496856662176
       0.06228568183643874        0.2733119015436961
        0.9751251012088664       0.00320227343103053
        0.4151468514352302       0.05455445627746706
        0.8512473345721855       0.05452285627964695
       0.06051379843381002        0.5837112507395353
        0.4169242419396307        0.5597778471176357
        0.0221379413912274        0.2347305584973337
        0.5491871569748941       0.07919731638318317
       0.02241169039458633        0.8523065138613929
        0.3915330114247741        0.5666306534739987
       0.02618730523811815         0.805992900475176
        0.4287546548307024        0.3359974576904511
       0.00470566310379202       0.03984502482902509
          0.44545073394272        0.4056201323961612
        0.5295350640504096        0.3412809414246305
       0.09111890918167101        0.3335918638065233
       0.06813175998947095        0.5947084518719488
       0.02970520373000578        0.2713512367234885
        0.2616252774629757        0.4601247217894797
       0.07837611339786943         0.394684247300478
       0.08564084726301417        0.4272625069276428
         0.598006025612438       0.08214296056617264
        0.4886983116567105        0.3067263714941316
        0.5093780553272601       0.06865242066901078
        0.3309567912184523        0.1027157200691796
       0.02850169542188904        0.3722045940490426
        0.2256201345294609        0.7640166798141658
         0.366045628288969        0.4877162348900614
          0.55124678323444       0.06291917016312661
         0.516461425068792        0.4461365811035268
        0.7013796104175888       0.01708103898292223
       0.06454424196119274        0.2619462868358932
        0.3049646530738202        0.5693723305454402
        0.5806839143601081        0.1313198317770316
        0.2004699605075173        0.5293503525327695
        0.2162326646061228       0.07704713816646744
        0.3581238057513067        0.1029541241751821
        0.2354610129185596        0.7438032443920595
        0.3045209848091287        0.3763254633173406
        0.3253178396360879         0.407215853844711
        0.7409889166376349       0.02676959197905821
        0.2140671868352776        0.7495019300193477
        0.8871230654114433        0.0882463790402315
        0.6870465689787318       0.02162665735870516
         0.365707482118297        0.4903908643482081
        0.4345006892761071        0.2288786353188298
        0.2732900184198447        0.3302234197956893
       0.08603296085377216        0.4274299072549511
        0.2420022789893872          0.14387011328101
        0.2088857130958636       0.02952321452475152
        0.3928183322531019        0.5144271129726833
        0.1981896283782852        0.5355081055193398
       0.07864317189407517        0.3355689357127685
        0.4326495536711864        0.5181103453866428
        0.5817861125264016       0.03203276147201883
        0.2599116857811541        0.5535585267868305
       0.01752605420516067         0.259939691503475
        0.3862877816998424     0.0005059117207104801
        0.2608985827087151        0.5003162426539136
       0.07669989032496674        0.8521404686430714
        0.2199446389049647        0.4630558291304725
        0.1301034093100883        0.3826763641242421
        0.1560825812034356        0.5140798456786241
         0.245283647849912      0.001808295354409682
        0.1791635208007971        0.7301180213589819
        0.7321091419788233        0.1686489148370933
        0.2564912822340745        0.6348612757207931
         0.545866649925446        0.1615625904463416
         0.330102598688663         0.290060721500788
       0.03864343161587103        0.7792450966613931
         0.306090054963709       0.06976774213974127
        0.5807512856209354        0.3417078643310928
        0.7929214230520554      0.004620853368595907
        0.2671738625217989        0.1261224406775609
        0.2711894270913427         0.012723172517443
        0.5577583775733654        0.1783952484700137
        0.5196326192311764        0.4715675394373271
        0.7105510011986408       0.07881919432062603
        0.4487837653557759       0.08839153967318568
          0.51357266136914        0.1738093603374835
        0.1090722471191212         0.610059622905351
        0.8730424631355107       0.03752841955123844
        0.1331440247612623        0.8317488171683229
        0.4141398457859716         0.236613683607783
         0.468167383396231       0.04899362485372558
        0.2547517399723448        0.1656049801939611
        0.9124989490666968       0.07888758053288811
        0.6840142676871609        0.1268486973420247
        0.4524806806761301        0.4377177217246441
        0.3118136993244873        0.1770824778215769
        0.5205039693154228        0.2480715017165507
        0.3054598083655235        0.5594531820634649
       0.01679540541147619        0.3409114009198012
        0.4004994643269139        0.4921944762809969
        0.2662352869558413       0.01785261538148854
        0.4382375285896541        0.2479215368811089
        0.4041208068281464        0.2891240428936031
        0.4198308994624583        0.2070737804432136
       0.06669549408125626        0.9244617079144868
        0.2333451343763124        0.6687644791099503
       0.07068709851234099        0.6038239128588632
        0.2821327979657557        0.3657396616895754
        0.5020233385751186       0.01497356536052084
        0.6545819282521553        0.2654749274247425
       0.03850469814802096        0.8359222618920079
        0.2919551121902271        0.5398960554380083
       0.03080540402755928        0.5615711567531749
      0.002694573456590277        0.8896275432973871
        0.2873373793171835        0.2591029345732881
       0.07152350041983575        0.5436181388649435
        0.1191685423666213        0.6877748814438681
        0.5024496786985763       0.04792953305671848
        0.1966727848194706        0.4238148228369197
        0.5882975452773512        0.3742380940598063
       0.08424175181055121        0.8661766042128585
        0.3043329730389792        0.5478475103370805
      0.002033640435555479        0.6247839053488028
        0.8157641596899156       0.02319145774454542
        0.1467860800082955        0.3465756770673977
        0.4761680341870801        0.1758746348931012
        0.2835464575699815        0.4677886887531598
        0.2721152679477717         0.366763836672893
        0.8759155496824019       0.03641858519483161
        0.3183965512765572        0.4405662831340783
        0.2271625601295894       0.03277673583370411
        0.2827154242543943        0.4653421193157184
       0.06567120087446887        0.2800566927940836
       0.03783305276620787        0.3575415551479147
        0.2475749040791917      0.004072731182801747
       0.03362520294766499        0.5807978556878791
        0.1530247426038987        0.4324368022377572
        0.3889666298055828        0.5020368696821345
        0.1979435826420556        0.0276664704949703
        0.4558555330714004        0.3413481308429175
       0.03606507070416227        0.8120022437118456
        0.0936732791876338        0.7759342842183213
        0.1478303321743771       0.07868123360083717
       0.06830672000927687        0.9231025357902704
        0.4089830791511805        0.2187412467072917
        0.4487181707390723        0.4695565961644069
        0.4257329296878629        0.2865369139620849
         0.106982317757011        0.1440592464401417
        0.5551083100786863         0.262066988892441
        0.5936996293984123        0.2663812393372997
      0.003006662643104456        0.7291539191018804
       0.05009099187932444        0.2691775043820548
        0.6381596821560506        0.0633715405744002
        0.1472578770007603        0.1302021214658266
         0.232230641916785        0.2347170122532358
        0.0743233482416939      0.008316999581285742
        0.1056898390698067       0.03691135764707709
       0.06937939583781649      0.001131219956794668
        0.7315010230499805        0.2061852385191743
        0.3515918918719277        0.1629497187160469
         0.215572418335835        0.2348928009993488
        0.1388460980417054        0.6797349832078611
       0.07717111009142198       0.07339499625887824
        0.4986272471545233         0.431510066770756
        0.7508815749163567         0.123312088807771
        0.2642984266052313       0.06964395339567174
        0.1807487879430849        0.5712620802756625
      0.008025003826577113        0.9653001981283073
        0.7273466187338651       0.03668536668829382
        0.5879744614544208       0.05198409650841986
        0.4421738270021227        0.1958762652885148
        0.3431285868170107        0.4095267980131853
       0.04060104505181684        0.4343743167385821
        0.1374579273705162        0.7306511841059024
        0.7372709563072509       0.01680492006958102
        0.1082580512973065        0.6811032497358103
        0.4292161333863224        0.4382522407391952
       0.08211616210976964        0.3100849054941505
        0.7873727785682846       0.01940956721959057
        0.6610380812825629        0.3125608484873482
        0.5636419872012163        0.3185261198385793
       0.03968691572200891        0.6426008624018588
        0.4634558916767653        0.5326066306802657
       0.01673986381721814       0.08797908779886095
        0.3658340727852524        0.2458920391989191
         0.203980111638335        0.1834986550669466
         0.204217941901875        0.1809806605645949
        0.2062547456672998         0.441813491979288
        0.4268042735510693        0.1667778659761703
        0.4539870888596343        0.1771501965828198
        0.5499430582704912        0.2273358225259265
        0.4878693486476666        0.3965982342141736
        0.4167201781486757        0.3165035133169284
        0.5270219098966176       0.07449145231252138
        0.1623621005484509         0.303959874752452
        0.5130920591883846        0.1683136363020165
        0.7539591104399972       0.03457870241994963
        0.2513486883839908        0.7081481001529402
        0.5046586887986833       0.04401807317344764
        0.1693978118950063        0.6341790022989542
        0.1044340249675149        0.0443761053580031
        0.7521649324092605       0.03157334896865133
        0.1469209646503166        0.3096608965471531
        0.5853619969261077        0.3037000641123084
        0.8779187448909698       0.07615067199127298
        0.2216381527001166        0.7201186125970612
        0.1615286996854718        0.2560285555169002
        0.4634702725809832        0.3260055768421016
        0.3296816629299572          0.39306706682438
       0.06202195146090569        0.5658854659031114
       0.02448389844643266        0.1033521443126516
        0.5212024450264383        0.2580802971195636
        0.3500347971260169         0.188566468444382
        0.3560186906356083        0.1113520079711479
        0.5118469315756626        0.4555353037704626
        0.4650620438187255        0.4237550449874727
        0.2596938943240304          0.41037148888858
        0.1160842413668886        0.6630550275262828
        0.1138753315278745        0.5490515413295357
        0.2707803454464044        0.2443632414518183
        0.2201158869196384        0.3258242685561692
         0.906871539528777       0.04902240814318156
        0.2366565730477865         0.385559231127283
        0.2653659217240045        0.2815404184010084
        0.7866720535060032        0.1025188653589197
        0.2130696396420406        0.2665346204796307
        0.1317263968432604         0.320268014001948
        0.2332182144576506        0.4815739429391468
        0.7440345942118033       0.07560315972010377
       0.05800245789698173        0.3139178799523157
        0.6973438198594996        0.1459367500275103
        0.1948701516829839        0.2124799913995084
       0.02267236825851751        0.6241259255702279
        0.3183867811751039        0.2955110856250376
        0.3775344901488144        0.2601513274198357
        0.1600576282549659        0.3762877012391531
         0.392597150150763         0.493440826475108
       0.02923206756016769         0.249179163951904
        0.3148503033377462       0.04350492978713191
        0.3466522408658118        0.2980018285602042
        0.5754395534650019       0.03232052424253192
         0.663572665238424        0.1968566598581311
        0.3257744615974728        0.3671842659132318
        0.2494128470257398        0.2076956652082128
        0.4548869114826539        0.2503495972793324
         0.169876139477299        0.7633812971189752
        0.5713989359284064       0.07967289382046459
        0.3731825349501922       0.08385030162834971
        0.3616807288513694         0.450277176827632
        0.1251144645848143        0.7014997834388855
         0.109316084952468        0.8139793609695263
       0.05995877628298268        0.7261657228040992
       0.07737621944788202        0.5329312584057342
        0.4370510716010504        0.2043782991854409
         0.257228955443271        0.2371296676617533
       0.06423876669652478         0.388339030836081
        0.5605351595692724        0.2705449990655371
        0.5447020898351198        0.2475642005747449
         0.118487839066801         0.126462564542543
        0.5418549457140648        0.1314074352723551
        0.2135609031729609        0.5878098839140796
        0.7307986027492559        0.1444296732373971
        0.4943575161789245       0.03979338348359906
        0.1681282479877771       0.09619454486086525
        0.7568169181759636        0.2238463057051513
        0.5889721536056216        0.2904508946779139
        0.1932068682261878        0.6364563215176704
         0.400642559062979        0.3656332272070955
        0.5568673646783013        0.3951979803564943
        0.2362627849836645         0.701433791125924
        0.2074372943186964        0.1501537050710664
        0.5205604209566322        0.2511559717948155
        0.1845874324435693        0.4180274959418145
        0.1155181528069541        0.7313055593581502
        0.2473320393813392        0.4977358075235082
       0.05817497031296091        0.1881474734411278
        0.2435383440931397        0.7024884882359608
        0.5245999918342301       0.08874303720040377
       0.01442362112066407        0.7915398738989246
       0.04135430053766393       0.01828589804599903
        0.2580508189213481        0.5975257465124358
        0.1780151219277842        0.5108882753416595
       0.02831442612631367       0.09638406937042876
        0.5272922736773256        0.1070564237530565
       0.07580418899267211        0.4629318196928032
        0.3695046404788857        0.4973448402262609
        0.1328338093554458       0.08072210024073487
        0.1363049092549048        0.2902744106124739
        0.3448653214749335        0.1716321446096543
        0.7469481753945929        0.1933885279841446
        0.3249377565505925       0.07911341650093756
       0.03768520668785892        0.1559442633055769
       0.04495176525087875        0.1907867508141352
     0.0008972654858244569        0.7659724083526834
        0.6817271025131539        0.1219805580170177
        0.0767040867940656        0.8861472519371155
        0.2049361001056831           0.7057594187936
        0.1284041322306764        0.2147955689024715
        0.1691822764531596         0.729810233377876
       0.05256918628124978         0.938200104641071
        0.6310285698520404        0.1704247531023809
        0.1442125014362266        0.8278451464308939
        0.8793764420785913       0.07914769387920079
        0.6455227744879252       0.06745631153473004
       0.07629068036568482        0.1249929551147708
