        0.9487930549857062        0.2426339028171947        0.2022882300446236
        0.9882438689810255        0.1463794003285624       0.04412625727233577
        0.9883352636700801       0.01710963844497455        0.1513296628505978
        0.9809583934118391       0.02824628042334814        0.1921530068385846
        0.9555799222633287        0.1600718745108257        0.2474752657495319
        0.9633553423858547        0.1139027145052855        0.2428428626189372
        0.9687026117169761        0.1939193480558714        0.1549533365316644
        0.9986225954609017     0.0004806215575501286       0.05246599696804244
        0.9954364419650328       0.09166548135492526       0.02652790108481773
        0.9721463398756248      0.003465613218648113        0.2343490631332774
        0.9752191984714362        0.2182145033387398       0.03646841736840994
        0.9739028013810892      0.001915408581244383        0.2269574071759578
        0.9536298849547094        0.2322451969150671        0.1914476717830479
        0.9692108268971941       0.08947472386508643        0.2294006251397845
        0.9965068980090767       0.06980461439739891        0.0458401355708956
        0.9860619572879514        0.1460475165974084       0.07969905448111679
         0.992310445572367        0.1184471758046525       0.03591999654610585
        0.9875171362374836         0.155855333997571       0.02278202146045884
         0.958355033702567        0.1936278739374137        0.2099139724063849
        0.9865836511125686       0.04790181493147769        0.1560708668639479
        0.9893288566398731       0.09535564164113934        0.1101622214139133
        0.9906262428386489       0.09404177028108072       0.09907468113389431
        0.9619547303463383        0.1820600441868508        0.2037087064290221
        0.9705902905901649       0.07621559575308501        0.2283542659467995
        0.9757825385034907        0.2140023850818205       0.04529256816494259
        0.9533276345782892        0.1794733309772947        0.2428080406767417
        0.9516733366740459          0.19656090842641        0.2359696369075319
        0.9945685574577979         0.080547397198383       0.06592041657089866
        0.9797552887703832        0.1984975461479251       0.02604416056845399
        0.9924369827687515        0.1061405353891681       0.06166864665417585
        0.9890680142687902        0.1466054284166906       0.01585280761098016
        0.9588392625272589         0.126515329898628        0.2542068841255554
        0.9642539084848701       0.09340354310296353        0.2479721317153698
        0.9573702358107952        0.2188905483614442         0.188491802001065
        0.9678981608973991       0.00441981956312616         0.251303830703915
        0.9752027495913805       0.02919512958232591        0.2193792187015039
        0.9854385233611861       0.03078990615103814        0.1672211061885887
        0.9771719267465413       0.05452733778858213        0.2053333753001248
        0.9727086537920568        0.2092905509284851        0.1001765448101278
        0.9926912769429815        0.0560627444715007        0.1068690664487913
        0.9803538846722641        0.1878895637025497         0.060031430598202
        0.9650408060350217        0.2197415514052588        0.1428631977567544
        0.9717152610398662        0.2357264172433257       0.01423051917009246
        0.9922131636037046      0.007843543356198052        0.1243041302577976
        0.9880391284003338       0.07575995256539862        0.1343097551825526
        0.9844416011932688        0.1738958344220808       0.02519866287486677
        0.9875287979311338       0.04059943998361031        0.1521136375533347
          0.96739391487087        0.2495738379436246       0.04314988858504144
         0.990642592214719        0.1188544772183595       0.06708850672993576
        0.9903282992523021          0.10587759478815       0.08966490183967867
