        0.8422181164496324         1.753004807419219
        -1.144352831596747         1.329697755545316
       -0.8318130980823191         1.481746767639712
       -0.1281519178486864         1.403357413309006
        0.2741339658060346         1.962841684993306
        0.6840669535250187        0.8339349618915864
         0.556642693933786         1.368170331946098
        0.9206191151805212         1.294565986805946
         1.230541826627848         1.397413018654769
       -0.3963108343131908         1.910572753305219
         1.133291069328927         1.362312378976461
        0.1223314629094462         1.435383882395886
        0.1914351461638677           1.1806458207794
       -0.4891196730123369         1.176371765815574
       -0.8018469723040395         1.614591529693355
         1.114217218896543         1.108633582259557
       -0.9178580267847992         1.290353063322355
        0.3464260817048673         1.414915202544531
         1.102677516534771          1.47373394037333
        0.8736705721226025        0.9020496295700962
       -0.8429930327210491         1.350632047593468
       -0.8928143085197857         1.526118424866199
        0.8503091792303006         1.249523281242289
        0.9435733481916987        0.9557218775319464
        0.6849039547392491          1.70427648659916
        -1.192076981076542         1.595071420459253
        0.9623588795323139         1.370075024199894
        0.3392275356377483         1.393813025746176
         -0.54305539168711        0.9913760207147404
        0.7168707416382142         1.840616778498658
       -0.5141539593806963         1.687501498717173
       -0.1166143846995207         1.277743237985637
       -0.7772451000492401         1.236117326801697
        0.1144129146864602         1.457475311001092
        -1.038273390477333          1.39158001293483
       -0.2877719313703226         1.931072253787939
        0.9256092845442859         1.718181451056939
       -0.5818281662902229         1.358145119454296
        0.1718502123275282         1.016207491503373
        0.7677998228628558         1.405938782859499
       -0.1483323814260592         1.331341952404539
        0.4108158647002831         1.885177375326427
       -0.2380982272053477         1.321840590391043
        0.2260911729701855        0.9960932194458444
        0.7712330828075695         1.570443697084621
       -0.6337736477726857         1.844740785704539
        0.6303846429673013        0.9096769757163962
        0.6183118069622791         1.860521455691715
       -0.6075127011837801         1.100356101529716
        -0.782607276649629         1.419300948357105
        0.9329038072629205         1.121911754567688
       -0.3237693554908423        0.9604790968954119
        0.7715022115723905         1.010258456906558
       -0.4914953544090878         1.069833031461653
       -0.4314357358674497         1.082281397168166
        0.5216499401188806         1.650179772909343
        -1.093084698739834         1.527184563389848
       -0.7337929209298856         1.697794440600863
       -0.4021924667441946        0.9378558559880217
        0.2473375044057632         1.616245991868305
       -0.7159372557950245        0.8798516186773477
       -0.1176514752821141         1.279654504727823
        0.8075266641665081         0.844842291510384
      0.007006830787989625         1.724000703840624
        0.7348454606362483        0.8294425256482292
        0.2605936117329868         1.212507275066539
        0.5698728498429426         1.494966544018299
       -0.9952184801324825         1.597451570851796
         1.291427036053722         1.399637107697565
        0.7207720139009556        0.7531839488856442
        0.7069267321584172         1.149016442411965
         1.069800614008534         1.526368740115226
         0.412745474692407         1.722680391317705
         1.005648713671939         1.459021804094635
        0.6703942119306094         1.331773803750667
        0.8591991744737627         1.749525036192369
       -0.2302416281018919         1.329081118933324
       -0.8999309163698183         1.727978743684492
       -0.2537899932598877         1.927209531654656
        0.6216144350118509          1.27875113697804
       -0.5956549013344195          1.35176110746921
       -0.4695950724667066         1.307614014269099
        0.1169512363876994         1.334605977865888
       -0.5386866866338692        0.8750223766883486
        -1.216832916640319         1.465725787719516
        -1.060111818948243          1.43452452630382
      -0.04206543231810062         1.670696944232804
         1.338893172504108         1.456384638251924
       0.05509810525732517          1.55048022795879
        0.5514498662493545         1.600213786753475
       -0.6876829329230421        0.9504468135025683
       -0.4936061363531001         1.872726825872484
        0.2436517591511491          1.68601497381434
        0.9158050025311816         1.512704708467585
       -0.5087406456831725        0.8937998932942052
       -0.8591144719961107        0.9729982816151624
       -0.5738733105992702         1.469786133342579
       0.09842603537881278          1.31479286348033
       -0.3866217049921047          1.61269942852981
        0.2573231194381991         1.678982237810343
      -0.09138554395192641         1.577955378970318
       -0.9661204903103222         1.703584798216115
         1.033304234555653         1.640991168854024
       -0.5594697470043607         1.606620085646702
       -0.4898528659564066         1.076681907497484
        0.3376258055049647         1.495452826269778
      -0.05568439228672203         1.292751793104572
        0.3394914467140766         1.725822648172602
        0.6357525938558016          1.64879894293737
        -0.687856713768924         1.034591369163134
       -0.4020823484796466        0.9394138738513577
       -0.9184962412384243         1.224222100423979
        0.7648307705485071         1.173515741645951
        0.3440469750320767        0.9927073740216257
         1.013891202196368         1.465572620183103
       -0.8160932303971422           1.8230528725677
        0.4038370628311369         1.366223765343057
       -0.8499881283637111         1.278471141013239
       -0.3409758579415861         1.203978497659538
        -1.268715995027845         1.508079826852356
       -0.8175875223887648          1.67207769503442
         1.262038323067598         1.335160529214014
         1.062928388581367         1.457162533345677
        -1.299173797823887         1.351361159969111
       -0.1414562132859765         1.508144046411892
       -0.4162242729595371         1.276000336748658
        -1.294456796557696         1.334915430667427
       -0.2322788093340427         1.457785696391985
         1.141648813224237         1.306010158501525
       -0.1183905521977017         1.289009034694243
         1.218338685387151          1.28953371997106
       -0.2742505665846681         1.641488031526467
       -0.5233003604913369         1.418588036992388
       -0.7264589719994937         1.796861182163549
       0.08784159935616086         1.641215320507169
        0.7365076216758967         1.127733368603565
        0.7482832513286863         1.461819491983291
       -0.7235757311166595         1.155167042596431
          1.14112800361771         1.282803237689043
        -0.818938941798016          1.81265873170269
        0.9129850043402231         1.502675037974752
        -1.013652224542726          1.43347305557799
       0.05081245976740073         1.953400036333995
        0.7608636133436187         1.220728884043435
        -0.858916937694697         1.224340678918942
        0.1596182912700572         1.733478494160379
       -0.1747711462236072         1.154991584304216
        0.5918701495747113         1.284588723951328
       -0.1097160584861529         1.014643787731965
       -0.3762778918468072         1.736366186697156
         1.131132577062277         1.378353087662634
        0.9506450525402571        0.9467177006462438
       -0.3724214614125337         1.862356731920795
        0.2474928518376137         1.723364470075454
       -0.3377276355161186         1.702876423906153
       0.07008351899967774         1.318945594014176
        0.4284539728502482          1.05752043539904
       -0.5953223322483909         1.432941118625902
       -0.6636788292163543         1.503208801107496
        0.2555428285278507         1.618975936059061
        -0.426750791012474         1.701251537855607
       -0.2035763402715251         1.600037145362816
        0.4815787112892365         1.491260791778284
       -0.5037657611372205         1.728285446324684
       -0.6383620364413827         1.373531065638169
        -1.167980622193275         1.571071582245752
        0.7603304881966936          1.14853761274731
       -0.2460665652155494          1.69428625219204
       0.04153497881010122         1.978541993681708
       -0.7675106596879594         1.251186960591822
       -0.6049527389652511         1.005848435685295
          1.22438787688037         1.576753532121928
        0.2987845171676901          1.57084599417048
        0.2759726029176419         1.885287105130709
       -0.1741675445967302         1.803098672604522
        0.3033745167149766         1.750512279193938
      -0.08396419401964413         1.555673133885179
       -0.6443028862891649         1.418566692824132
      -0.01086412243698106         1.131796925781252
        0.5438878983593233         1.689549198659249
       -0.1598975565564035         1.260258604632994
       -0.1634770560327435         1.851717654848635
        0.9298255418758851         1.766143461294959
       -0.8089254176951323         1.309713220665667
      -0.06656697875784225          1.64182925831544
        0.3012254511943153          1.17843324419523
      -0.08265530964321802         1.992371108514694
        0.2607272243184807         1.690804897169398
       -0.4830352367959666         1.578720744631423
          1.06162967630605         1.553761705914384
        -0.990698448391405         1.587983210138152
       -0.5680062561528961          1.58881214320776
        0.8222985647398868         1.048214826170111
       0.02724803028911047         1.495053882179301
       0.06503137110575041         1.116770782841153
       -0.8563374542914611         1.283879857610735
       -0.2026364148570534         1.593994641035305
        0.6387586523699678         1.120898764298278
        -0.398433865114074         1.363838255729878
        0.6051133005748771         1.636538373634027
         0.701657120290901         1.440090712499322
        0.8590949391209235         1.056418359707362
       -0.4910702449402873         1.735002117508509
        0.7421181003293482         1.852602825819719
       -0.5372573553189747        0.9574852059488952
        0.1817620461891481         1.875580467088898
        0.4071302828170028          1.67159422049454
         1.048774578455302         1.150076840414408
       -0.3765486589426044         1.891564146560657
        0.8037848481034002         1.047195870021071
      -0.03836608895004222         1.837696130515828
         1.232854937791578         1.262490478674463
       -0.8285505666495031         1.084945885744852
        0.2101402551200217         1.241702132132793
        -1.037693106174544         1.594162153604082
       -0.6211244178789515         1.740276846728892
       0.08060139459015066         1.061125540245538
       -0.8560229512562481        0.9621652251143541
        0.8830512818742838          1.12034292012397
       -0.6373564963817424         0.980751717403189
       -0.3624386552654925          1.21608455087068
        0.4488782495081658         1.680304396201146
        0.8830771906724751        0.9792671286387884
        0.8593162396554267         1.759429487901082
       -0.6806711433890237        0.9232470822072479
        0.1285671214345589         1.710598603367151
       0.07390043272128174         1.602602317997795
        0.7313472039777701         1.801524223525171
         0.490125988930595         1.497019306129548
        0.1896480740473437         1.734907632730855
        -1.151150970699265         1.275474774611419
          0.45249803097472         1.672732216982854
        0.3069723164670409         1.325110201718144
       -0.3255926580697474         1.830046375777242
        0.1537763232640761          1.22932264793237
        0.3545135421212715         1.620135563801809
        0.2025417683003143         1.983289101474538
         1.196315469041065         1.516031999071277
       -0.9100503514741466         1.508984620465686
        0.7872392104762037        0.9578380977071962
         1.163312468726677         1.164882818623706
         1.025459668450017         1.041427041665658
        0.0277957258581952         1.033189515241359
       -0.2702225780796679         1.434615617964142
       -0.1558792656126766         1.040613630596249
        0.4971959394394938         1.429775787746414
       -0.8100765661586364        0.9776432955681245
       -0.8448035627857305         1.531681541204146
        0.4731043125994066          1.36012515031312
         1.119631260781116         1.251853633958748
        0.8767116280980665        0.9657124141915185
      -0.01630608542173185         1.570741806379217
       -0.3993311020158049         1.428616883169195
        0.1902681105601166         1.131524965945009
        0.7910650532291292         1.281355723209597
       -0.4610027554062947         1.813483992516142
        0.2188206882878704         1.850066161461518
        0.5513352359059701          1.23652155953237
       -0.3083616339710092         1.548627417402293
       -0.2229083110128522         1.187886185829727
        0.4855916271599058         1.336483169255794
       -0.6438449253126465          1.45341090395789
       -0.3736727518880277         1.460574962973389
       -0.6479716573657935         1.178012548112444
       -0.9751365772180378         1.029639335756611
        0.3095930330647012         1.263484395801303
        0.6407425617442732         1.038411656996213
        0.8583499075554061         1.536821844334332
       -0.8070286242669876         1.811818057102387
        0.1147887269960377         1.177515204732125
        0.5302663885652482         1.337087276194188
       -0.7304337962081475         1.701309744665414
       -0.8064833974872651         1.245092230701121
       -0.2461686095654483          1.61317504091707
       -0.2708917287604187         1.355159464663205
       -0.2426204808259852         1.270302864628168
        -0.888082105243307         1.578401498114304
       -0.9895593501121802         1.292978146640946
       -0.1791224701974206         1.632279206262861
       -0.3520347046458489         1.900392749747556
        0.3773368099378994         1.754702527402364
         1.272270786113683         1.358876138121044
         1.352833958724328         1.441251006093501
        0.1180907497573502         1.027556070519633
       -0.2754673587211958         1.156205237365723
        0.2149090644931754         1.040184410041526
       0.01628555416498783         1.069924350971365
       -0.2573261674450005         1.415928247032444
         1.016880839183205         1.196662904611872
        0.3445214794344716         1.327637051300499
      -0.06835129741684132         1.503237663867968
        -1.095686910302037         1.221687748242142
       -0.5081867986969748        0.9197089113054073
       0.04050370252339974         1.383724417870775
        0.5646225653826084         1.582284100856155
        0.5276013743905851         1.778133301578305
       -0.5593681938460688         1.343477550795892
         1.048229869618691         1.086759017473711
       -0.6908724120949904        0.8016712754357538
        0.7699027089454119        0.9678419068980288
