        0.9625704021491569       -0.2710317710276976
       -0.9258022539578238       -0.3780081832005932
        0.9149403362624815        0.4035891240852474
        0.7706862585753412        0.6372147917642389
       -0.6661725545223716       -0.7457976452102393
       -0.9501573674272915        0.3117707124212261
        0.0293601614093251       -0.9995688975363421
        0.9999332899435504       0.01155056979839262
       -0.5916029581511862         0.806229458595235
        0.9963421932099881       0.08545311012193056
        0.5403149618331643       -0.8414628583717918
        0.9988862124469892       0.04718405009437184
        0.8525866706345979       -0.5225858485035847
       -0.5960331423171804        0.8029598329054248
       -0.1074374594268771        0.9942118447855559
       -0.9258805359757375       -0.3778164013132319
       -0.9581516708007428        0.2862610272840948
       -0.8166407919045716       -0.5771462700195453
       0.07214398938478499       -0.9973942273723304
        0.3953357865654789         0.918536670939519
       -0.6708098520935211        0.7416293834080931
       -0.6447953529759606        0.7643552529947095
       -0.2213844716688306       -0.9751866055806512
       -0.3050054790987914        0.9523505960095351
        0.4520864369891122       -0.8919741327474074
       -0.2439368066639286       -0.9697911292410367
        0.1749859947920924       -0.9845709225985814
       -0.3603708191171369        0.9328091298485687
       0.08495123759919034       -0.9963851098999652
       -0.8339731898311999        0.5518049643150863
       -0.9248663949493847       -0.3802921922592271
       -0.9999759753824017     -0.006931713930508024
       -0.6792646813643778        0.7338933796206029
         0.630487817809138       -0.7761991442885461
        0.9940006875942007        0.1093738225639776
        0.7529352075184598        0.6580946537384527
        0.7319388534435116        0.6813703213523448
        0.2308543385476141        0.9729883218074837
        0.3653133310707195       -0.9308846169864529
        0.2151275119756346        0.9765859683566895
       -0.1669955523699714       -0.9859576489325735
        0.6137810499985713        -0.789476296453954
        0.8411380687755364       -0.5408204408642124
        0.9820573739692712        0.1885823804934572
       -0.2627388520005403        0.9648669833969024
       -0.4935936391206095       -0.8696926580233235
        0.5519157854733717        0.8338998535467621
        0.9750932518677972        -0.221795288863142
       -0.9621970337718824        0.2723543063742359
       -0.8334781311105519        0.5525524454388575
