       0.05718177643411879         1.559490242789237
        0.2171650096173224         1.457110026853656
        0.1087271396790581         1.326672465164095
       0.06743370835627577         1.338348574035372
       0.01147440478642052         1.475917395831151
       0.01616015077991242         1.427840103060495
        0.1050617388160292         1.507258410304914
        0.2087292364852664         1.309489496578973
        0.2349660136908001         1.401957642756243
       0.02475175772504138         1.312643800376297
         0.224911030772441         1.529592958323787
       0.03222852978283836         1.311009329681963
       0.06814716545777949         1.548143506071051
        0.0297571777734204         1.402187718660861
        0.2154313957360585         1.379959978906684
        0.1811825859596151          1.45710143869281
        0.2254657667482215         1.428952590522823
        0.2387550277181027            1.466540796861
       0.04946822242949602         1.509026655728938
        0.1039313399432454          1.35834553424938
        0.1503686307876904         1.406228964930033
         0.161583845867236         1.404786325224168
        0.0557449430369806         1.496828608711163
       0.03081558595985431          1.38844037712117
        0.2159852684682621         1.525399423224888
       0.01619537370234115         1.495870734674852
       0.02311252278460198          1.51330528323261
         0.195119887088952         1.390899468478943
        0.2354553245565733         1.509556857374199
        0.1994206168162406         1.416699641235532
        0.2457640325732297         1.457212362127782
      0.004665270748226342         1.441310806702634
       0.01097181732952334         1.406707474804738
       0.07113707255302658         1.534184033124278
      0.007601753294294932         1.313667677802643
       0.03989398230953592         1.339508553454115
         0.092652703829552         1.340834960341049
       0.05410156584399805         1.365650153968805
        0.1604692940545525         1.521476243094172
        0.1536997069589017         1.366328905891611
        0.2010766856769349         1.499118888891597
        0.1172910974724775         1.533304365176466
        0.2474050019249626         1.547256352780344
        0.1360638756017893         1.317078901514785
        0.1259430343058515          1.38659350111873
        0.2363105582913204         1.484721135614525
        0.1079341373822401         1.350828949412478
        0.2181526213461991         1.561583316252136
        0.1939383461849239         1.429555217268902
        0.1711019802749068         1.416662267068286
