11 January 2014 11:48:43 PM

CIRCLE_MONTE_CARLO_PRB
  C version
  Test the CIRCLE_MONTE_CARLO library.

TEST01
  Use CIRCLE01_SAMPLE to estimate integrals
  along the circumference of the unit circle in 2D.

         N        1              X^2             Y^2             X^4           X^2Y^2          Y^4          X^6

         1     6.283185307     3.760907386     2.522277921     2.251155055     1.509752331      1.01252559      1.34746713
         2     6.283185307     5.406083479    0.8771018286     4.743230948     0.662852531    0.2142492976     4.239087061
         4     6.283185307     2.418885601     3.864299706     1.805904607    0.6129809943     3.251318712     1.549008561
         8     6.283185307     3.357856064     2.925329243     2.665220643    0.6926354218     2.232693821     2.311463866
        16     6.283185307     4.485986894     1.797198414     3.687066297    0.7989205971    0.9982778165     3.222268819
        32     6.283185307     3.110289625     3.172895683     2.214056026    0.8962335982     2.276662085     1.759734621
        64     6.283185307     3.440049232     2.843136075     2.641119537    0.7989296947     2.044206381     2.216115221
       128     6.283185307     2.838908638     3.444276669      2.13998867    0.6989199677     2.745356701     1.810201206
       256     6.283185307     3.034012608       3.2491727     2.251623298    0.7823893097      2.46678339     1.886609848
       512     6.283185307     3.083561248     3.199624059     2.323844656    0.7597165918     2.439907467     1.951322296
      1024     6.283185307     3.193460922     3.089724385     2.395525758    0.7979351645      2.29178922     1.994226277
      2048     6.283185307     3.201662186     3.081523122     2.410814026    0.7908481596     2.290674962     2.003474609
      4096     6.283185307     3.159725699     3.123459608     2.372183134    0.7875425643     2.335917044     1.979094374
      8192     6.283185307     3.120676537      3.16250877     2.337312438    0.7833640987     2.379144672     1.947374038
     16384     6.283185307     3.114896944     3.168288363     2.331004288    0.7838926554     2.384395708     1.942027545
     32768     6.283185307     3.126382035     3.156803272     2.340566003    0.7858160322      2.37098724     1.949453549
     65536     6.283185307     3.141163569     3.142021738     2.356893623    0.7842699459     2.357751792      1.96456509

     Exact     6.283185307     3.141592654     3.141592654      2.35619449    0.7853981634      2.35619449     1.963495408

CIRCLE_MONTE_CARLO_PRB
  Normal end of execution.

11 January 2014 11:48:43 PM
