16 December 2011 10:27:57 AM

ASA076_PRB:
  C version
  Test the ASA076 library.

TEST01:
  TFN computes Owen's T function.
  Compare to tabulated values.

             H             A          T                         T  
                                      (Tabulated)               (TFN)               DIFF

        0.0625        0.2500       0.03891193023470137       0.03891195188025752  2.1646e-08
        6.5000        0.4375     2.000577304850831e-11     2.000578488850626e-11  1.1840e-17
        7.0000        0.9688     6.399062719389869e-13     6.399067111303072e-13  4.3919e-19
        4.7812        0.0625     1.063297480468746e-07     1.063298072192012e-07  5.9172e-14
        2.0000        0.5000      0.008625077985521507      0.008625082709081938  4.7236e-09
        1.0000        1.0000        0.0667418089782286       0.06674184572098738  3.6743e-08
        1.0000        0.5000       0.04306469112078537       0.04306471487424299  2.3753e-08
        1.0000        1.0000       0.06674188216570097       0.06674191890850283  3.6743e-08
        1.0000        2.0000        0.0784681869930841         0.078468234412504  4.7419e-08
        1.0000        3.0000        0.0792995047488726       0.07929956509585921  6.0347e-08
        0.5000        0.5000       0.06448860284750375       0.06448863851160033  3.5664e-08
        0.5000        1.0000        0.1066710629614485        0.1066711217468705  5.8785e-08
        0.5000        2.0000        0.1415806036539784        0.1415806856270933  8.1973e-08
        0.5000        3.0000        0.1510840430760184        0.1510841437899315  1.0071e-07
        0.2500        0.5000       0.07134663382271778       0.07134667330765261  3.9485e-08
        0.2500        1.0000        0.1201285306350883        0.1201285969015898  6.6267e-08
        0.2500        2.0000        0.1666128410939293         0.166612936882556  9.5789e-08
        0.2500        3.0000        0.1847501847929859        0.1847503039597672  1.1917e-07
        0.1250        0.5000       0.07317273327500386       0.07317277377790649  4.0503e-08
        0.1250        1.0000        0.1237630544953746        0.1237631227867797  6.8291e-08
        0.1250        2.0000        0.1737438887583106        0.1737439885110446  9.9753e-08
        0.1250        3.0000        0.1951190307092811        0.1951191556208643  1.2491e-07
        0.0078        0.5000       0.07378938035365545       0.07378942120036484  4.0847e-08
        0.0078        1.0000        0.1249951430754052        0.1249952120536704  6.8978e-08
        0.0078        2.0000        0.1761984774738108        0.1761985785942798  1.0112e-07
        0.0078        3.0000        0.1987772386442824        0.1987773655927281  1.2695e-07
        0.0078       10.0000        0.2340886964802671        0.2340737066598194  1.4990e-05
        0.0078      100.0000        0.2479460829231492        0.2337384422320087  1.4208e-02

TEST02:
  THA computes Owen's T function.
  Compare to tabulated values.

             H             A          T                         T  
                                      (Tabulated)               (THA)               DIFF

        0.0625        0.2500       0.03891193023470137       0.03891195188025752  2.1646e-08
        6.5000        0.4375     2.000577304850831e-11     2.000578488850626e-11  1.1840e-17
        7.0000        0.9688     6.399062719389869e-13     6.399067111303072e-13  4.3919e-19
        4.7812        0.0625     1.063297480468746e-07     1.063298072192012e-07  5.9172e-14
        2.0000        0.5000      0.008625077985521507      0.008625082709081938  4.7236e-09
        1.0000        1.0000        0.0667418089782286       0.06674184572098738  3.6743e-08
        1.0000        0.5000       0.04306469112078537       0.04306471487424299  2.3753e-08
        1.0000        1.0000       0.06674188216570097       0.06674191890850283  3.6743e-08
        1.0000        2.0000        0.0784681869930841       0.07846818546699849  1.5261e-09
        1.0000        3.0000        0.0792995047488726       0.07929950782138412  3.0725e-09
        0.5000        0.5000       0.06448860284750375       0.06448863851160033  3.5664e-08
        0.5000        1.0000        0.1066710629614485        0.1066711217468705  5.8785e-08
        0.5000        2.0000        0.1415806036539784        0.1415805815014184  2.2153e-08
        0.5000        3.0000        0.1510840430760184        0.1510840346433584  8.4327e-09
        0.2500        0.5000       0.07134663382271778       0.07134667330765261  3.9485e-08
        0.2500        1.0000        0.1201285306350883        0.1201285969015898  6.6267e-08
        0.2500        2.0000        0.1666128410939293        0.1666128055444197  3.5550e-08
        0.2500        3.0000        0.1847501847929859        0.1847501638914686  2.0902e-08
        0.1250        0.5000       0.07317273327500386       0.07317277377790649  4.0503e-08
        0.1250        1.0000        0.1237630544953746        0.1237631227867797  6.8291e-08
        0.1250        2.0000        0.1737438887583106        0.1737438492803439  3.9478e-08
        0.1250        3.0000        0.1951190307092811        0.1951190042944634  2.6415e-08
        0.0078        0.5000       0.07378938035365545       0.07378942120036484  4.0847e-08
        0.0078        1.0000        0.1249951430754052        0.1249952120536704  6.8978e-08
        0.0078        2.0000        0.1761984774738108        0.1761984366311592  4.0843e-08
        0.0078        3.0000        0.1987772386442824        0.1987772102104874  2.8434e-08
        0.0078       10.0000        0.2340886964802671        0.2340890125340615  3.1605e-07
        0.0078      100.0000        0.2479460829231492         0.247946082936915  1.3766e-11

ASA076_PRB:
  Normal end of execution.

16 December 2011 10:27:57 AM
