        0.8218418296982376         0.295631757650893
       0.08295092339327007        0.7561695442766895
        0.2415307081475961        0.6066118734916032
        0.3257577792382045         0.910995679353247
        0.5043828997779107       0.06339657123024126
        0.9061727229065601        0.3449538960307176
        0.6401306281497616         0.875467348642141
        0.1797286954106256        0.1001838371158405
        0.4897504060899731        0.5350752337980547
         0.709454475021168        0.4013616891583462
